-34.55497766 2
-18.6098449 3
-18.6098449 4
-18.6098449 5
-2.898315999 6
-2.898315999 7
-2.898315999 8
-2.898315999 9
-2.898315999 10
-2.794603644 11
-2.794603644 12
-2.794603644 13
2.134996311 14
2.134996311 15
2.134996311 16
2.134996311 17
2.134996311 18
2.134996311 19
2.134996311 20
2.134996311 21
2.134996311 22
2.134996311 23
2.134996311 24
2.134996311 25
2.134996311 26
2.134996311 27
2.134996311 28
2.134996311 29
2.134996311 30
2.134996311 31
2.134996311 32
2.134996311 33
2.134996311 34
2.134996311 35
2.134996311 36
2.134996311 37
2.134996311 38
2.134996311 39
2.134996311 40
2.134996311 41
2.134996311 42
2.134996311 43
2.134996311 44
2.134996311 45
2.134996311 46
2.134996311 47
2.134996311 48
2.134996311 49
2.134996311 50
2.134996311 51
2.134996311 52
2.134996311 53
2.134996311 54
2.134996311 55
2.134996311 56
2.134996311 57
2.134996311 58
2.134996311 59
2.134996311 60
2.134996311 61
2.134996311 62
2.134996311 63
2.134996311 64
2.134996311 65
2.134996311 66
2.134996311 67
2.134996311 68
2.134996311 69
2.134996311 70
2.134996311 71
2.134996311 72
2.134996311 73
2.134996311 74
2.466365023 75
2.466365023 76
2.466365023 77
2.466365023 78
2.466365023 79
2.466365023 80
2.466365023 81
2.466365023 82
2.466365023 83
2.466365023 84
2.466365023 85
2.466365023 86
2.466365023 87
2.466365023 88
2.466365023 89
2.466365023 90
2.466365023 91
2.466365023 92
2.466365023 93
2.466365023 94
2.466365023 95
2.466365023 96
2.466365023 97
2.466365023 98
2.466365023 99
2.466365023 100
2.466365023 101
2.466365023 102
2.466365023 103
2.466365023 104
2.466365023 105
2.466365023 106
2.466365023 107
2.466365023 108
2.466365023 109
2.466365023 110
2.466365023 111
2.466365023 112
2.466365023 113
2.466365023 114
2.466365023 115
2.466365023 116
2.466365023 117
2.466365023 118
2.466365023 119
2.466365023 120
2.466365023 121
2.466365023 122
2.466365023 123
2.466365023 124
2.466365023 125
2.466365023 126
2.466365023 127
2.466365023 128
2.466365023 129
2.466365023 130
2.466365023 131
2.466365023 132
2.466365023 133
2.466365023 134
2.466365023 135
2.466365023 136
2.466365023 137
2.466365023 138
2.466365023 139
2.466365023 140
2.466365023 141
2.466365023 142
2.466365023 143
2.466365023 144
2.466365023 145
2.466365023 146
2.466365023 147
2.466365023 148
2.466365023 149
2.466365023 150
2.466365023 151
2.466365023 152
2.466365023 153
2.466365023 154
2.466365023 155
2.466365023 156
2.466365023 157
2.466365023 158
2.466365023 159
2.466365023 160
2.466365023 161
2.466365023 162
2.466365023 163
2.466365023 164
2.466365023 165
2.466365023 166
2.731488726 167
2.731488726 168
2.731488726 169
2.731488726 170
2.731488726 171
2.731488726 172
2.731488726 173
2.731488726 174
2.731488726 175
2.731488726 176
2.731488726 177
2.731488726 178
2.731488726 179
2.731488726 180
2.731488726 181
2.731488726 182
2.731488726 183
2.731488726 184
2.731488726 185
2.731488726 186
2.731488726 187
2.731488726 188
2.731488726 189
2.731488726 190
2.731488726 191
2.731488726 192
2.731488726 193
2.731488726 194
2.731488726 195
2.731488726 196
2.731488726 197
2.731488726 198
2.731488726 199
2.731488726 200
2.731488726 201
2.731488726 202
2.731488726 203
2.731488726 204
2.731488726 205
2.731488726 206
2.731488726 207
2.731488726 208
2.731488726 209
2.731488726 210
2.731488726 211
2.731488726 212
2.731488726 213
2.731488726 214
2.731488726 215
2.731488726 216
2.731488726 217
2.731488726 218
2.731488726 219
2.731488726 220
2.731488726 221
2.731488726 222
2.731488726 223
2.731488726 224
2.731488726 225
2.731488726 226
2.731488726 227
2.731488726 228
2.731488726 229
2.731488726 230
2.731488726 231
2.731488726 232
2.731488726 233
2.731488726 234
2.731488726 235
2.731488726 236
2.731488726 237
2.731488726 238
2.731488726 239
2.731488726 240
2.731488726 241
2.731488726 242
2.731488726 243
2.731488726 244
2.731488726 245
2.731488726 246
2.731488726 247
2.731488726 248
2.731488726 249
2.731488726 250
2.731488726 251
2.731488726 252
2.731488726 253
2.731488726 254
2.731488726 255
2.731488726 256
2.731488726 257
2.731488726 258
2.731488726 259
2.731488726 260
2.731488726 261
2.731488726 262
2.731488726 263
2.731488726 264
2.731488726 265
2.731488726 266
2.731488726 267
2.731488726 268
2.731488726 269
2.731488726 270
2.731488726 271
2.731488726 272
2.731488726 273
2.731488726 274
2.731488726 275
2.731488726 276
2.731488726 277
2.731488726 278
2.731488726 279
2.731488726 280
2.731488726 281
2.731488726 282
2.731488726 283
2.731488726 284
2.731488726 285
2.731488726 286
2.731488726 287
2.731488726 288
2.731488726 289
2.731488726 290
2.731488726 291
2.731488726 292
2.731488726 293
2.731488726 294
2.731488726 295
2.731488726 296
2.731488726 297
2.731488726 298
2.731488726 299
2.731488726 300
2.731488726 301
2.731488726 302
2.731488726 303
2.731488726 304
2.731488726 305
2.731488726 306
2.731488726 307
2.731488726 308
2.731488726 309
2.731488726 310
2.731488726 311
2.731488726 312
2.731488726 313
2.731488726 314
2.731488726 315
2.731488726 316
2.731488726 317
2.731488726 318
2.731488726 319
2.731488726 320
2.731488726 321
2.731488726 322
2.731488726 323
2.731488726 324
2.731488726 325
2.731488726 326
2.731488726 327
2.731488726 328
2.731488726 329
2.731488726 330
2.731488726 331
2.731488726 332
2.731488726 333
2.731488726 334
2.731488726 335
2.731488726 336
2.731488726 337
2.731488726 338
2.731488726 339
2.731488726 340
6.124255978 341
6.124255978 342
6.124255978 343
6.124255978 344
6.124255978 345
6.124255978 346
6.124255978 347
6.124255978 348
6.124255978 349
6.124255978 350
6.124255978 351
6.124255978 352
6.124255978 353
6.124255978 354
6.124255978 355
6.124255978 356
6.124255978 357
6.124255978 358
6.124255978 359
6.124255978 360
6.124255978 361
6.124255978 362
6.124255978 363
6.124255978 364
6.124255978 365
6.124255978 366
6.124255978 367
6.124255978 368
6.124255978 369
6.124255978 370
6.124255978 371
6.124255978 372
6.124255978 373
6.124255978 374
6.124255978 375
6.124255978 376
6.124255978 377
6.124255978 378
6.124255978 379
6.124255978 380
6.124255978 381
6.124255978 382
6.124255978 383
6.124255978 384
6.124255978 385
6.124255978 386
6.124255978 387
6.124255978 388
6.124255978 389
6.124255978 390
6.124255978 391
6.124255978 392
6.124255978 393
6.124255978 394
6.124255978 395
6.124255978 396
6.124255978 397
6.124255978 398
6.124255978 399
6.124255978 400
6.124255978 401
6.124255978 402
6.124255978 403
6.124255978 404
6.124255978 405
6.124255978 406
6.124255978 407
6.124255978 408
6.124255978 409
6.124255978 410
6.124255978 411
6.124255978 412
6.124255978 413
6.124255978 414
6.124255978 415
6.124255978 416
6.124255978 417
6.124255978 418
6.124255978 419
6.124255978 420
6.124255978 421
6.124255978 422
6.124255978 423
6.124255978 424
6.124255978 425
6.124255978 426
6.124255978 427
6.124255978 428
6.124255978 429
6.124255978 430
6.124255978 431
6.124255978 432
6.124255978 433
6.124255978 434
6.124255978 435
6.124255978 436
6.124255978 437
6.124255978 438
6.124255978 439
6.124255978 440
6.124255978 441
6.124255978 442
6.124255978 443
6.124255978 444
6.124255978 445
6.124255978 446
6.124255978 447
6.124255978 448
6.124255978 449
6.124255978 450
6.124255978 451
6.124255978 452
6.124255978 453
6.124255978 454
6.124255978 455
6.124255978 456
6.124255978 457
6.124255978 458
6.124255978 459
6.124255978 460
6.124255978 461
6.124255978 462
6.124255978 463
6.124255978 464
6.124255978 465
6.124255978 466
6.124255978 467
6.124255978 468
6.124255978 469
6.124255978 470
6.124255978 471
6.124255978 472
6.124255978 473
6.124255978 474
6.124255978 475
6.124255978 476
6.124255978 477
6.124255978 478
6.124255978 479
6.124255978 480
6.124255978 481
6.124255978 482
6.124255978 483
6.124255978 484
6.124255978 485
6.124255978 486
6.124255978 487
6.124255978 488
6.124255978 489
6.124255978 490
6.124255978 491
6.124255978 492
6.124255978 493
6.124255978 494
6.124255978 495
6.124255978 496
6.124255978 497
6.124255978 498
6.124255978 499
6.124255978 500
6.124255978 501
6.124255978 502
6.124255978 503
6.124255978 504
6.124255978 505
6.124255978 506
6.124255978 507
6.124255978 508
6.124255978 509
6.124255978 510
6.124255978 511
6.124255978 512
6.124255978 513
6.124255978 514
6.124255978 515
6.124255978 516
6.124255978 517
6.124255978 518
6.124255978 519
6.124255978 520
6.124255978 521
6.124255978 522
6.124255978 523
6.124255978 524
6.124255978 525
6.124255978 526
6.124255978 527
6.124255978 528
6.124255978 529
6.124255978 530
6.124255978 531
6.124255978 532
6.124255978 533
6.124255978 534
6.124255978 535
6.124255978 536
6.124255978 537
6.124255978 538
6.124255978 539
6.124255978 540
6.124255978 541
6.124255978 542
6.124255978 543
6.124255978 544
6.124255978 545
6.124255978 546
6.124255978 547
6.124255978 548
6.124255978 549
6.124255978 550
6.124255978 551
6.124255978 552
6.124255978 553
6.124255978 554
6.124255978 555
6.124255978 556
6.124255978 557
6.124255978 558
6.124255978 559
6.124255978 560
6.124255978 561
6.124255978 562
6.124255978 563
6.124255978 564
6.124255978 565
6.124255978 566
6.124255978 567
6.124255978 568
6.124255978 569
6.124255978 570
6.124255978 571
6.124255978 572
6.124255978 573
6.124255978 574
6.124255978 575
6.124255978 576
6.124255978 577
6.124255978 578
6.124255978 579
6.124255978 580
6.124255978 581
6.124255978 582
6.124255978 583
6.124255978 584
6.124255978 585
6.124255978 586
6.124255978 587
6.124255978 588
6.124255978 589
6.124255978 590
6.124255978 591
6.124255978 592
6.124255978 593
6.124255978 594
6.124255978 595
6.124255978 596
6.124255978 597
6.124255978 598
6.124255978 599
6.124255978 600
6.124255978 601
6.124255978 602
6.124255978 603
6.124255978 604
6.124255978 605
6.124255978 606
6.124255978 607
6.124255978 608
6.124255978 609
6.124255978 610
6.124255978 611
6.124255978 612
6.124255978 613
6.124255978 614
6.124255978 615
6.124255978 616
6.124255978 617
6.124255978 618
6.124255978 619
6.124255978 620
6.124255978 621
6.124255978 622
6.124255978 623
6.124255978 624
6.124255978 625
6.124255978 626
6.124255978 627
6.124255978 628
6.124255978 629
6.124255978 630
6.124255978 631
6.124255978 632
6.124255978 633
6.124255978 634
6.124255978 635
6.124255978 636
6.124255978 637
6.124255978 638
6.124255978 639
6.124255978 640
6.124255978 641
6.124255978 642
6.124255978 643
6.124255978 644
6.124255978 645
6.124255978 646
6.124255978 647
6.124255978 648
6.124255978 649
6.124255978 650
6.124255978 651
6.124255978 652
6.124255978 653
6.124255978 654
6.124255978 655
6.124255978 656
6.124255978 657
6.124255978 658
6.124255978 659
6.124255978 660
6.124255978 661
6.124255978 662
6.124255978 663
6.124255978 664
6.124255978 665
6.124255978 666
6.124255978 667
6.124255978 668
6.124255978 669
6.124255978 670
6.124255978 671
6.124255978 672
6.124255978 673
6.124255978 674
6.124255978 675
6.124255978 676
6.124255978 677
6.124255978 678
6.124255978 679
6.124255978 680
6.124255978 681
6.124255978 682
6.124255978 683
6.124255978 684
6.124255978 685
6.124255978 686
6.124255978 687
6.124255978 688
6.124255978 689
6.124255978 690
6.124255978 691
6.124255978 692
6.124255978 693
6.124255978 694
6.124255978 695
6.124255978 696
6.124255978 697
6.124255978 698
6.124255978 699
6.124255978 700
6.124255978 701
6.124255978 702
6.124255978 703
6.124255978 704
6.124255978 705
6.124255978 706
6.124255978 707
6.124255978 708
6.124255978 709
6.124255978 710
6.124255978 711
6.124255978 712
6.124255978 713
6.124255978 714
6.124255978 715
6.124255978 716
6.124255978 717
6.124255978 718
6.124255978 719
6.124255978 720
6.124255978 721
6.124255978 722
6.124255978 723
6.124255978 724
6.124255978 725
6.124255978 726
6.124255978 727
6.124255978 728
6.124255978 729
6.124255978 730
6.124255978 731
6.124255978 732
6.124255978 733
6.124255978 734
6.124255978 735
6.124255978 736
6.124255978 737
6.124255978 738
6.124255978 739
6.124255978 740
6.124255978 741
6.124255978 742
6.124255978 743
6.124255978 744
6.124255978 745
6.124255978 746
6.124255978 747
6.124255978 748
6.124255978 749
6.124255978 750
6.124255978 751
6.124255978 752
6.124255978 753
6.124255978 754
6.124255978 755
6.124255978 756
6.124255978 757
6.124255978 758
6.124255978 759
6.124255978 760
6.124255978 761
6.124255978 762
6.124255978 763
6.124255978 764
6.124255978 765
6.124255978 766
6.124255978 767
6.124255978 768
6.124255978 769
6.124255978 770
6.124255978 771
6.124255978 772
6.124255978 773
6.124255978 774
6.124255978 775
6.124255978 776
6.124255978 777
6.124255978 778
6.124255978 779
6.124255978 780
6.124255978 781
6.124255978 782
6.124255978 783
6.124255978 784
6.124255978 785
6.124255978 786
6.124255978 787
6.124255978 788
6.124255978 789
6.124255978 790
6.124255978 791
6.124255978 792
6.124255978 793
6.124255978 794
6.124255978 795
6.124255978 796
6.124255978 797
6.124255978 798
6.124255978 799
6.124255978 800
6.124255978 801
6.124255978 802
6.124255978 803
6.124255978 804
6.124255978 805
6.124255978 806
6.124255978 807
6.124255978 808
6.124255978 809
6.124255978 810
6.124255978 811
6.124255978 812
6.124255978 813
6.124255978 814
6.124255978 815
6.124255978 816
6.124255978 817
6.124255978 818
6.124255978 819
6.124255978 820
6.124255978 821
6.124255978 822
6.124255978 823
6.124255978 824
6.124255978 825
6.124255978 826
6.124255978 827
6.124255978 828
6.124255978 829
6.124255978 830
6.124255978 831
6.124255978 832
6.124255978 833
6.124255978 834
6.124255978 835
6.124255978 836
6.124255978 837
6.124255978 838
6.124255978 839
6.124255978 840
6.124255978 841
6.124255978 842
6.124255978 843
6.124255978 844
6.124255978 845
6.124255978 846
6.124255978 847
6.124255978 848
6.124255978 849
6.124255978 850
6.124255978 851
6.124255978 852
6.124255978 853
6.124255978 854
6.124255978 855
6.124255978 856
6.124255978 857
6.124255978 858
6.124255978 859
6.124255978 860
6.124255978 861
6.124255978 862
6.124255978 863
6.124255978 864
6.124255978 865
6.124255978 866
6.124255978 867
6.124255978 868
6.124255978 869
6.124255978 870
6.124255978 871
6.124255978 872
6.124255978 873
6.124255978 874
6.124255978 875
6.124255978 876
6.124255978 877
6.124255978 878
6.124255978 879
6.124255978 880
6.124255978 881
6.124255978 882
6.124255978 883
6.124255978 884
6.124255978 885
6.124255978 886
6.124255978 887
6.124255978 888
6.124255978 889
6.124255978 890
6.124255978 891
6.124255978 892
6.124255978 893
6.124255978 894
6.124255978 895
6.124255978 896
6.124255978 897
6.124255978 898
6.124255978 899
6.124255978 900
6.124255978 901
6.124255978 902
6.124255978 903
6.124255978 904
6.124255978 905
6.124255978 906
6.124255978 907
6.124255978 908
6.124255978 909
6.124255978 910
6.124255978 911
6.124255978 912
6.124255978 913
6.124255978 914
6.124255978 915
6.124255978 916
6.124255978 917
6.124255978 918
6.124255978 919
6.124255978 920
6.124255978 921
6.124255978 922
6.124255978 923
6.124255978 924
6.124255978 925
6.124255978 926
6.124255978 927
6.124255978 928
6.124255978 929
6.124255978 930
6.124255978 931
6.124255978 932
6.124255978 933
6.124255978 934
6.124255978 935
6.124255978 936
6.124255978 937
6.124255978 938
6.124255978 939
6.124255978 940
6.124255978 941
6.124255978 942
6.124255978 943
6.124255978 944
6.124255978 945
6.124255978 946
6.124255978 947
6.124255978 948
6.124255978 949
6.124255978 950
6.124255978 951
6.124255978 952
6.124255978 953
6.124255978 954
6.124255978 955
6.124255978 956
6.124255978 957
6.124255978 958
6.124255978 959
6.124255978 960
6.124255978 961
6.124255978 962
6.124255978 963
6.124255978 964
6.124255978 965
6.124255978 966
6.124255978 967
6.124255978 968
6.124255978 969
6.124255978 970
6.124255978 971
6.124255978 972
6.124255978 973
6.124255978 974
6.124255978 975
6.124255978 976
6.124255978 977
6.124255978 978
6.124255978 979
6.124255978 980
6.124255978 981
6.124255978 982
6.124255978 983
6.124255978 984
6.124255978 985
6.124255978 986
6.124255978 987
6.124255978 988
6.124255978 989
6.124255978 990
6.124255978 991
6.124255978 992
6.124255978 993
6.124255978 994
6.124255978 995
6.124255978 996
6.124255978 997
6.124255978 998
6.124255978 999
6.124255978 1000
6.124255978 1001
