-73.87083456 2
-59.57016727 3
-58.77581501 4
-58.77581501 5
-55.74889673 6
-41.92491151 7
-38.60387731 8
-23.45612896 9
-16.62447851 10
-12.85639286 11
-12.85639286 12
-6.013778535 13
-6.013778535 14
1.379965384 15
3.173921326 16
3.173921326 17
3.379025947 18
3.454920492 19
3.454920492 20
3.454920492 21
3.454920492 22
3.621871644 23
3.621871644 24
5.236205536 25
5.236205536 26
5.952622292 27
5.952622292 28
5.952622292 29
6.826760998 30
7.279570784 31
7.279570784 32
7.279570784 33
7.928031989 34
7.928031989 35
7.928031989 36
7.928031989 37
7.928031989 38
7.928031989 39
8.324114116 40
8.324114116 41
8.364229492 42
8.442791609 43
8.442791609 44
8.442791609 45
8.442791609 46
8.442791609 47
8.442791609 48
8.442791609 49
8.442791609 50
8.621305071 51
8.621305071 52
8.621305071 53
8.621305071 54
8.621305071 55
8.621305071 56
8.626463733 57
8.626463733 58
8.626463733 59
8.747536747 60
8.747536747 61
8.747536747 62
8.764764997 63
8.780015738 64
8.780015738 65
8.815472038 66
8.824521827 67
8.824521827 68
8.828204902 69
8.854343018 70
8.872767313 71
8.872767313 72
8.876440187 73
8.902288524 74
8.902288524 75
8.924964918 76
8.926514236 77
8.926514236 78
8.926514236 79
8.926514236 80
8.926514236 81
8.926514236 82
8.926514236 83
8.926514236 84
8.926514236 85
8.926514236 86
8.926514236 87
8.926514236 88
8.926514236 89
8.926514236 90
8.926598851 91
8.928701593 92
8.92934753 93
8.930269617 94
8.942430631 95
8.942430631 96
8.942430631 97
8.949846174 98
8.958855652 99
8.984500895 100
9.007827024 101
9.026554673 102
9.053424391 103
9.093075767 104
9.161906586 105
9.21077564 106
9.22482377 107
9.227167041 108
9.227167041 109
9.233232795 110
9.235231497 111
9.23962333 112
9.248855373 113
9.248855373 114
9.248855373 115
9.248855373 116
9.248855373 117
9.248855373 118
9.248855373 119
9.248855373 120
9.248888553 121
9.249734474 122
9.249734474 123
9.250099479 124
9.250099479 125
9.250099479 126
9.250099479 127
9.250131293 128
9.250449421 129
9.250740672 130
9.251059337 131
9.251059337 132
9.251059337 133
9.251311097 134
9.251343748 135
9.25143792 136
9.25143792 137
9.251453946 138
9.251453946 139
9.251453946 140
9.251496589 141
9.251496589 142
9.251496589 143
9.251526998 144
9.251526998 145
9.251528248 146
9.251532933 147
9.251533086 148
9.251533086 149
9.251536522 150
9.251538702 151
9.251538702 152
9.251538702 153
9.251538702 154
9.251538702 155
9.25154224 156
9.251545548 157
9.251545548 158
9.251545548 159
9.251545671 160
9.251548221 161
9.251549396 162
9.251550268 163
9.251551375 164
9.251553234 165
9.251554994 166
9.251555297 167
9.251555297 168
9.25155674 169
9.251557821 170
9.251557821 171
9.251558345 172
9.25155871 173
9.251560434 174
9.251560434 175
9.251560859 176
9.251560875 177
9.251560887 178
9.251561349 179
9.251561414 180
9.25156153 181
9.25156187 182
9.25156187 183
9.25156187 184
9.25156187 185
9.251561972 186
9.251562098 187
9.251562113 188
9.251562193 189
9.251562237 190
9.251562278 191
9.251562457 192
9.251562457 193
9.251562544 194
9.251562581 195
9.25156265 196
9.251562786 197
9.251562819 198
9.251562819 199
9.251562819 200
9.251562853 201
9.251562873 202
9.251562897 203
9.251562909 204
9.25156298 205
9.251563012 206
9.251563076 207
9.251563154 208
9.251563253 209
9.25156331 210
9.25156344 211
9.251563512 212
9.251563567 213
9.251563591 214
9.251563591 215
9.251563591 216
9.251563597 217
9.251563597 218
9.251563597 219
9.251563597 220
9.251563599 221
9.251563601 222
9.251563605 223
9.251563605 224
9.251563605 225
9.251563605 226
9.251563606 227
9.251563609 228
9.251563609 229
9.251563609 230
9.251563609 231
9.251563609 232
9.25156361 233
9.25156361 234
9.25156361 235
9.25156361 236
9.251563611 237
9.251563611 238
9.251563611 239
9.251563611 240
9.251563611 241
9.251563611 242
9.251563611 243
9.251563611 244
9.251563611 245
9.251563611 246
9.251563611 247
9.251563611 248
9.251563611 249
9.251563611 250
9.251563611 251
9.251563611 252
9.251563611 253
9.251563611 254
9.251563611 255
9.251563611 256
9.251563611 257
9.251563611 258
9.251563611 259
9.251563611 260
9.251563611 261
9.251563611 262
9.251563611 263
9.251563611 264
9.251563611 265
9.251563611 266
9.251563611 267
9.251563611 268
9.251563611 269
9.251563611 270
9.251563611 271
9.251563611 272
9.251563611 273
9.251563611 274
9.251563611 275
9.251563611 276
9.251563611 277
9.251563611 278
9.251563611 279
9.251563611 280
9.251563611 281
9.251563611 282
9.251563611 283
9.251563611 284
9.251563611 285
9.251563611 286
9.251563611 287
9.251563611 288
9.251563611 289
9.251563611 290
9.251563611 291
9.251563611 292
9.251563611 293
9.251563611 294
9.251563611 295
9.251563611 296
9.251563611 297
9.251563611 298
9.251563611 299
9.251563611 300
9.251563611 301
9.251563611 302
9.251563611 303
9.251563611 304
9.251563611 305
9.251563611 306
9.251563611 307
9.251563611 308
9.251563611 309
9.251563611 310
9.251563611 311
9.251563611 312
9.251563611 313
9.251563611 314
9.251563611 315
9.251563611 316
9.251563611 317
9.251563611 318
9.251563611 319
9.251563611 320
9.251563611 321
9.251563611 322
9.251563611 323
9.251563611 324
9.251563611 325
9.251563611 326
9.251563611 327
9.251563611 328
9.251563611 329
9.251563611 330
9.251563611 331
9.251563611 332
9.251563611 333
9.251563611 334
9.251563611 335
9.251563611 336
9.251563611 337
9.251563611 338
9.251563611 339
9.251563611 340
9.251563611 341
9.251563611 342
9.251563611 343
9.251563611 344
9.251563611 345
9.251563611 346
9.251563611 347
9.251563611 348
9.251563611 349
9.251563611 350
9.251563611 351
9.251563611 352
9.251563611 353
9.251563611 354
9.251563611 355
9.251563611 356
9.251563611 357
9.251563611 358
9.251563611 359
9.251563611 360
9.251563611 361
9.251563611 362
9.251563611 363
9.251563611 364
9.251563611 365
9.251563611 366
9.251563611 367
9.251563611 368
9.251563611 369
9.251563611 370
9.251563611 371
9.251563611 372
9.251563611 373
9.251563611 374
9.251563611 375
9.251563611 376
9.251563611 377
9.251563611 378
9.251563611 379
9.251563611 380
9.251563611 381
9.251563611 382
9.251563611 383
9.251563611 384
9.251563611 385
9.251563611 386
9.251563611 387
9.251563611 388
9.251563611 389
9.251563611 390
9.251563611 391
9.251563611 392
9.251563611 393
9.251563611 394
9.251563611 395
9.251563611 396
9.251563611 397
9.251563611 398
9.251563611 399
9.251563611 400
9.251563611 401
9.251563611 402
9.251563611 403
9.251563611 404
9.251563611 405
9.251563611 406
9.251563611 407
9.251563611 408
9.251563611 409
9.251563611 410
9.251563611 411
9.251563611 412
9.251563611 413
9.251563611 414
9.251563611 415
9.251563611 416
9.251563611 417
9.251563611 418
9.251563611 419
9.251563611 420
9.251563611 421
9.251563611 422
9.251563611 423
9.251563611 424
9.251563611 425
9.251563611 426
9.251563611 427
9.251563611 428
9.251563611 429
9.251563611 430
9.251563611 431
9.251563611 432
9.251563611 433
9.251563611 434
9.251563611 435
9.251563611 436
9.251563611 437
9.251563611 438
9.251563611 439
9.251563611 440
9.251563611 441
9.251563611 442
9.251563611 443
9.251563611 444
9.251563611 445
9.251563611 446
9.251563611 447
9.251563611 448
9.251563611 449
9.251563611 450
9.251563611 451
9.251563611 452
9.251563611 453
9.251563611 454
9.251563611 455
9.251563611 456
9.251563611 457
9.251563611 458
9.251563611 459
9.251563611 460
9.251563611 461
9.251563611 462
9.251563611 463
9.251563611 464
9.251563611 465
9.251563611 466
9.251563611 467
9.251563611 468
9.251563611 469
9.251563611 470
9.251563611 471
9.251563611 472
9.251563611 473
9.251563611 474
9.251563611 475
9.251563611 476
9.251563611 477
9.251563611 478
9.251563611 479
9.251563611 480
9.251563611 481
9.251563611 482
9.251563611 483
9.251563611 484
9.251563611 485
9.251563611 486
9.251563611 487
9.251563611 488
9.251563611 489
9.251563611 490
9.251563611 491
9.251563611 492
9.251563611 493
9.251563611 494
9.251563611 495
9.251563611 496
9.251563611 497
9.251563611 498
9.251563611 499
9.251563611 500
9.251563611 501
9.251563611 502
9.251563611 503
9.251563611 504
9.251563611 505
9.251563611 506
9.251563611 507
9.251563611 508
9.251563611 509
9.251563611 510
9.251563611 511
9.251563611 512
9.251563611 513
9.251563611 514
9.251563611 515
9.251563611 516
9.251563611 517
9.251563611 518
9.251563611 519
9.251563611 520
9.251563611 521
9.251563611 522
9.251563611 523
9.251563611 524
9.251563611 525
9.251563611 526
9.251563611 527
9.251563611 528
9.251563611 529
9.251563611 530
9.251563611 531
9.251563611 532
9.251563611 533
9.251563611 534
9.251563611 535
9.251563611 536
9.251563611 537
9.251563611 538
9.251563611 539
9.251563611 540
9.251563611 541
9.251563611 542
9.251563611 543
9.251563611 544
9.251563611 545
9.251563611 546
9.251563611 547
9.251563611 548
9.251563611 549
9.251563611 550
9.251563611 551
9.251563611 552
9.251563611 553
9.251563611 554
9.251563611 555
9.251563611 556
9.251563611 557
9.251563611 558
9.251563611 559
9.251563611 560
9.251563611 561
9.251563611 562
9.251563611 563
9.251563611 564
9.251563611 565
9.251563611 566
9.251563611 567
9.251563611 568
9.251563611 569
9.251563611 570
9.251563611 571
9.251563611 572
9.251563611 573
9.251563611 574
9.251563611 575
9.251563611 576
9.251563611 577
9.251563611 578
9.251563611 579
9.251563611 580
9.251563611 581
9.251563611 582
9.251563611 583
9.251563611 584
9.251563611 585
9.251563611 586
9.251563611 587
9.251563611 588
9.251563611 589
9.251563611 590
9.251563611 591
9.251563611 592
9.251563611 593
9.251563611 594
9.251563611 595
9.251563611 596
9.251563611 597
9.251563611 598
9.251563611 599
9.251563611 600
9.251563611 601
9.251563611 602
9.251563611 603
9.251563611 604
9.251563611 605
9.251563611 606
9.251563611 607
9.251563611 608
9.251563611 609
9.251563611 610
9.251563611 611
9.251563611 612
9.251563611 613
9.251563611 614
9.251563611 615
9.251563611 616
9.251563611 617
9.251563611 618
9.251563611 619
9.251563611 620
9.251563611 621
9.251563611 622
9.251563611 623
9.251563611 624
9.251563611 625
9.251563611 626
9.251563611 627
9.251563611 628
9.251563611 629
9.251563611 630
9.251563611 631
9.251563611 632
9.251563611 633
9.251563611 634
9.251563611 635
9.251563611 636
9.251563611 637
9.251563611 638
9.251563611 639
9.251563611 640
9.251563611 641
9.251563611 642
9.251563611 643
9.251563611 644
9.251563611 645
9.251563611 646
9.251563611 647
9.251563611 648
9.251563611 649
9.251563611 650
9.251563611 651
9.251563611 652
9.251563611 653
9.251563611 654
9.251563611 655
9.251563611 656
9.251563611 657
9.251563611 658
9.251563611 659
9.251563611 660
9.251563611 661
9.251563611 662
9.251563611 663
9.251563611 664
9.251563611 665
9.251563611 666
9.251563611 667
9.251563611 668
9.251563611 669
9.251563611 670
9.251563611 671
9.251563611 672
9.251563611 673
9.251563611 674
9.251563611 675
9.251563611 676
9.251563611 677
9.251563611 678
9.251563611 679
9.251563611 680
9.251563611 681
9.251563611 682
9.251563611 683
9.251563611 684
9.251563611 685
9.251563611 686
9.251563611 687
9.251563611 688
9.251563611 689
9.251563611 690
9.251563611 691
9.251563611 692
9.251563611 693
9.251563611 694
9.251563611 695
9.251563611 696
9.251563611 697
9.251563611 698
9.251563611 699
9.251563611 700
9.251563611 701
9.251563611 702
9.251563611 703
9.251563611 704
9.251563611 705
9.251563611 706
9.251563611 707
9.251563611 708
9.251563611 709
9.251563611 710
9.251563611 711
9.251563611 712
9.251563611 713
9.251563611 714
9.251563611 715
9.251563611 716
9.251563611 717
9.251563611 718
9.251563611 719
9.251563611 720
9.251563611 721
9.251563611 722
9.251563611 723
9.251563611 724
9.251563611 725
9.251563611 726
9.251563611 727
9.251563611 728
9.251563611 729
9.251563611 730
9.251563611 731
9.251563611 732
9.251563611 733
9.251563611 734
9.251563611 735
9.251563611 736
9.251563611 737
9.251563611 738
9.251563611 739
9.251563611 740
9.251563611 741
9.251563611 742
9.251563611 743
9.251563611 744
9.251563611 745
9.251563611 746
9.251563611 747
9.251563611 748
9.251563611 749
9.251563611 750
9.251563611 751
9.251563611 752
9.251563611 753
9.251563611 754
9.251563611 755
9.251563611 756
9.251563611 757
9.251563611 758
9.251563611 759
9.251563611 760
9.251563611 761
9.251563611 762
9.251563611 763
9.251563611 764
9.251563611 765
9.251563611 766
9.251563611 767
9.251563611 768
9.251563611 769
9.251563611 770
9.251563611 771
9.251563611 772
9.251563611 773
9.251563611 774
9.251563611 775
9.251563611 776
9.251563611 777
9.251563611 778
9.251563611 779
9.251563611 780
9.251563611 781
9.251563611 782
9.251563611 783
9.251563611 784
9.251563611 785
9.251563611 786
9.251563611 787
9.251563611 788
9.251563611 789
9.251563611 790
9.251563611 791
9.251563611 792
9.251563611 793
9.251563611 794
9.251563611 795
9.251563611 796
9.251563611 797
9.251563611 798
9.251563611 799
9.251563611 800
9.251563611 801
9.251563611 802
9.251563611 803
9.251563611 804
9.251563611 805
9.251563611 806
9.251563611 807
9.251563611 808
9.251563611 809
9.251563611 810
9.251563611 811
9.251563611 812
9.251563611 813
9.251563611 814
9.251563611 815
9.251563611 816
9.251563611 817
9.251563611 818
9.251563611 819
9.251563611 820
9.251563611 821
9.251563611 822
9.251563611 823
9.251563611 824
9.251563611 825
9.251563611 826
9.251563611 827
9.251563611 828
9.251563611 829
9.251563611 830
9.251563611 831
9.251563611 832
9.251563611 833
9.251563611 834
9.251563611 835
9.251563611 836
9.251563611 837
9.251563611 838
9.251563611 839
9.251563611 840
9.251563611 841
9.251563611 842
9.251563611 843
9.251563611 844
9.251563611 845
9.251563611 846
9.251563611 847
9.251563611 848
9.251563611 849
9.251563611 850
9.251563611 851
9.251563611 852
9.251563611 853
9.251563611 854
9.251563611 855
9.251563611 856
9.251563611 857
9.251563611 858
9.251563611 859
9.251563611 860
9.251563611 861
9.251563611 862
9.251563611 863
9.251563611 864
9.251563611 865
9.251563611 866
9.251563611 867
9.251563611 868
9.251563611 869
9.251563611 870
9.251563611 871
9.251563611 872
9.251563611 873
9.251563611 874
9.251563611 875
9.251563611 876
9.251563611 877
9.251563611 878
9.251563611 879
9.251563611 880
9.251563611 881
9.251563611 882
9.251563611 883
9.251563611 884
9.251563611 885
9.251563611 886
9.251563611 887
9.251563611 888
9.251563611 889
9.251563611 890
9.251563611 891
9.251563611 892
9.251563611 893
9.251563611 894
9.251563611 895
9.251563611 896
9.251563611 897
9.251563611 898
9.251563611 899
9.251563611 900
9.251563611 901
9.251563611 902
9.251563611 903
9.251563611 904
9.251563611 905
9.251563611 906
9.251563611 907
9.251563611 908
9.251563611 909
9.251563611 910
9.251563611 911
9.251563611 912
9.251563611 913
9.251563611 914
9.251563611 915
9.251563611 916
9.251563611 917
9.251563611 918
9.251563611 919
9.251563611 920
9.251563611 921
9.251563611 922
9.251563611 923
9.251563611 924
9.251563611 925
9.251563611 926
9.251563611 927
9.251563611 928
9.251563611 929
9.251563611 930
9.251563611 931
9.251563611 932
9.251563611 933
9.251563611 934
9.251563611 935
9.251563611 936
9.251563611 937
9.251563611 938
9.251563611 939
9.251563611 940
9.251563611 941
9.251563611 942
9.251563611 943
9.251563611 944
9.251563611 945
9.251563611 946
9.251563611 947
9.251563611 948
9.251563611 949
9.251563611 950
9.251563611 951
9.251563611 952
9.251563611 953
9.251563611 954
9.251563611 955
9.251563611 956
9.251563611 957
9.251563611 958
9.251563611 959
9.251563611 960
9.251563611 961
9.251563611 962
9.251563611 963
9.251563611 964
9.251563611 965
9.251563611 966
9.251563611 967
9.251563611 968
9.251563611 969
9.251563611 970
9.251563611 971
9.251563611 972
9.251563611 973
9.251563611 974
9.251563611 975
9.251563611 976
9.251563611 977
9.251563611 978
9.251563611 979
9.251563611 980
9.251563611 981
9.251563611 982
9.251563611 983
9.251563611 984
9.251563611 985
9.251563611 986
9.251563611 987
9.251563611 988
9.251563611 989
9.251563611 990
9.251563611 991
9.251563611 992
9.251563611 993
9.251563611 994
9.251563611 995
9.251563611 996
9.251563611 997
9.251563611 998
9.251563611 999
9.251563611 1000
9.251563611 1001
