-42.56452941 2
-13.78114991 3
-7.678816797 4
-7.678816797 5
-7.678816797 6
-2.39143062 7
-1.427213416 8
-1.427213416 9
-1.427213416 10
-0.6606179956 11
-0.6606179956 12
2.388687461 13
2.388687461 14
2.388687461 15
2.388687461 16
3.89328737 17
3.89328737 18
4.079960613 19
4.079960613 20
4.079960613 21
4.079960613 22
4.079960613 23
4.15607722 24
4.239617995 25
4.753794264 26
4.753794264 27
4.968072141 28
5.084226711 29
5.084226711 30
5.364205235 31
5.364205235 32
5.364205235 33
5.364205235 34
5.393010588 35
5.460838941 36
5.460838941 37
5.460838941 38
5.483300089 39
5.507249836 40
5.507249836 41
5.531095082 42
5.531095082 43
5.531095082 44
5.531095082 45
5.531095082 46
5.558038235 47
5.563038622 48
5.563038622 49
5.563038622 50
5.563038622 51
5.563038622 52
5.563038622 53
5.563038622 54
5.563038622 55
5.563038622 56
5.584548741 57
5.58466837 58
5.58466837 59
5.591148145 60
5.591148145 61
5.591148145 62
5.591148145 63
5.616168481 64
5.616168481 65
5.616168481 66
5.635514195 67
5.635514195 68
5.635514195 69
5.635514195 70
5.635514195 71
5.635514195 72
5.636377973 73
5.640827935 74
5.640827935 75
5.640827935 76
5.640827935 77
5.64437633 78
5.64437633 79
5.64437633 80
5.646700498 81
5.646700498 82
5.647766526 83
5.648455772 84
5.649396247 85
5.650092862 86
5.650092862 87
5.650092862 88
5.650092862 89
5.650092862 90
5.650383212 91
5.650783479 92
5.650783479 93
5.650783479 94
5.650783479 95
5.650783479 96
5.650783479 97
5.650783479 98
5.650783479 99
5.65089356 100
5.651120025 101
5.651120025 102
5.651161512 103
5.651293695 104
5.651293695 105
5.651351645 106
5.651389548 107
5.651506408 108
5.651506408 109
5.65151193 110
5.65151193 111
5.651551864 112
5.651551864 113
5.651551864 114
5.651563519 115
5.651563519 116
5.651563519 117
5.651581005 118
5.651589073 119
5.651589073 120
5.651589073 121
5.651609707 122
5.651609707 123
5.651609707 124
5.651614452 125
5.651638216 126
5.651649904 127
5.651649904 128
5.651672826 129
5.651672826 130
5.651701665 131
5.651718595 132
5.651740032 133
5.651755945 134
5.651766395 135
5.651790487 136
5.651830455 137
5.651857929 138
5.651906555 139
5.651969494 140
5.652044287 141
5.652149593 142
5.652296561 143
5.652569304 144
5.652835357 145
5.653237919 146
5.654074495 147
5.654722618 148
5.655675899 149
5.655758744 150
5.655782448 151
5.655786608 152
5.655786608 153
5.655803704 154
5.65581575 155
5.655831574 156
5.655831574 157
5.655840541 158
5.655840541 159
5.655845411 160
5.655847924 161
5.65584939 162
5.655850248 163
5.655854463 164
5.655857824 165
5.65586345 166
5.655871764 167
5.655887639 168
5.655908963 169
5.655930476 170
5.655965021 171
5.655975752 172
5.655975752 173
5.655975752 174
5.655978055 175
5.655979807 176
5.655979807 177
5.655979807 178
5.655981896 179
5.655981896 180
5.655983295 181
5.655985458 182
5.655985458 183
5.655988725 184
5.655990738 185
5.655993502 186
5.655996777 187
5.656003443 188
5.656013805 189
5.656021348 190
5.656028017 191
5.656033721 192
5.656033721 193
5.656033721 194
5.656035325 195
5.656035325 196
5.656038127 197
5.656038707 198
5.656039046 199
5.656039046 200
5.656041048 201
5.656041048 202
5.656041048 203
5.656041728 204
5.656041728 205
5.656041728 206
5.656041963 207
5.656042218 208
5.656042269 209
5.656042269 210
5.656042305 211
5.656042378 212
5.656042438 213
5.656042581 214
5.656042581 215
5.656042793 216
5.656042864 217
5.656042864 218
5.656042943 219
5.656042994 220
5.656042994 221
5.656043004 222
5.656043004 223
5.656043009 224
5.656043018 225
5.656043031 226
5.656043032 227
5.656043045 228
5.656043045 229
5.656043055 230
5.656043059 231
5.656043062 232
5.656043074 233
5.656043078 234
5.656043098 235
5.656043102 236
5.656043135 237
5.65604314 238
5.656043149 239
5.656043154 240
5.656043167 241
5.65604317 242
5.656043185 243
5.656043202 244
5.656043211 245
5.656043216 246
5.656043217 247
5.656043217 248
5.65604322 249
5.656043229 250
5.656043238 251
5.656043246 252
5.656043247 253
5.656043255 254
5.656043264 255
5.656043285 256
5.656043297 257
5.656043305 258
5.65604332 259
5.656043325 260
5.656043325 261
5.656043325 262
5.656043327 263
5.656043327 264
5.656043327 265
5.656043328 266
5.656043328 267
5.656043328 268
5.656043329 269
5.65604333 270
5.65604333 271
5.656043331 272
5.656043333 273
5.656043334 274
5.656043337 275
5.65604334 276
5.656043341 277
5.656043341 278
5.656043341 279
5.656043341 280
5.656043341 281
5.656043341 282
5.656043342 283
5.656043342 284
5.656043342 285
5.656043342 286
5.656043342 287
5.656043342 288
5.656043342 289
5.656043342 290
5.656043342 291
5.656043342 292
5.656043342 293
5.656043342 294
5.656043342 295
5.656043342 296
5.656043342 297
5.656043342 298
5.656043342 299
5.656043342 300
5.656043342 301
5.656043342 302
5.656043342 303
5.656043342 304
5.656043342 305
5.656043342 306
5.656043342 307
5.656043342 308
5.656043342 309
5.656043342 310
5.656043342 311
5.656043342 312
5.656043342 313
5.656043342 314
5.656043342 315
5.656043342 316
5.656043342 317
5.656043342 318
5.656043342 319
5.656043342 320
5.656043342 321
5.656043342 322
5.656043342 323
5.656043342 324
5.656043342 325
5.656043342 326
5.656043342 327
5.656043342 328
5.656043342 329
5.656043342 330
5.656043342 331
5.656043342 332
5.656043342 333
5.656043342 334
5.656043342 335
5.656043342 336
5.656043342 337
5.656043342 338
5.656043342 339
5.656043342 340
5.656043342 341
5.656043342 342
5.656043342 343
5.656043342 344
5.656043342 345
5.656043342 346
5.656043342 347
5.656043342 348
5.656043342 349
5.656043342 350
5.656043342 351
5.656043342 352
5.656043342 353
5.656043342 354
5.656043342 355
5.656043342 356
5.656043342 357
5.656043342 358
5.656043342 359
5.656043342 360
5.656043342 361
5.656043342 362
5.656043342 363
5.656043342 364
5.656043342 365
5.656043342 366
5.656043342 367
5.656043342 368
5.656043342 369
5.656043342 370
5.656043342 371
5.656043342 372
5.656043342 373
5.656043342 374
5.656043342 375
5.656043342 376
5.656043342 377
5.656043342 378
5.656043342 379
5.656043342 380
5.656043342 381
5.656043342 382
5.656043342 383
5.656043342 384
5.656043342 385
5.656043342 386
5.656043342 387
5.656043342 388
5.656043342 389
5.656043342 390
5.656043342 391
5.656043342 392
5.656043342 393
5.656043342 394
5.656043342 395
5.656043342 396
5.656043342 397
5.656043342 398
5.656043342 399
5.656043342 400
5.656043342 401
5.656043342 402
5.656043342 403
5.656043342 404
5.656043342 405
5.656043342 406
5.656043342 407
5.656043342 408
5.656043342 409
5.656043342 410
5.656043342 411
5.656043342 412
5.656043342 413
5.656043342 414
5.656043342 415
5.656043342 416
5.656043342 417
5.656043342 418
5.656043342 419
5.656043342 420
5.656043342 421
5.656043342 422
5.656043342 423
5.656043342 424
5.656043342 425
5.656043342 426
5.656043342 427
5.656043342 428
5.656043342 429
5.656043342 430
5.656043342 431
5.656043342 432
5.656043342 433
5.656043342 434
5.656043342 435
5.656043342 436
5.656043342 437
5.656043342 438
5.656043342 439
5.656043342 440
5.656043342 441
5.656043342 442
5.656043342 443
5.656043342 444
5.656043342 445
5.656043342 446
5.656043342 447
5.656043342 448
5.656043342 449
5.656043342 450
5.656043342 451
5.656043342 452
5.656043342 453
5.656043342 454
5.656043342 455
5.656043342 456
5.656043342 457
5.656043342 458
5.656043342 459
5.656043342 460
5.656043342 461
5.656043342 462
5.656043342 463
5.656043342 464
5.656043342 465
5.656043342 466
5.656043342 467
5.656043342 468
5.656043342 469
5.656043342 470
5.656043342 471
5.656043342 472
5.656043342 473
5.656043342 474
5.656043342 475
5.656043342 476
5.656043342 477
5.656043342 478
5.656043342 479
5.656043342 480
5.656043342 481
5.656043342 482
5.656043342 483
5.656043342 484
5.656043342 485
5.656043342 486
5.656043342 487
5.656043342 488
5.656043342 489
5.656043342 490
5.656043342 491
5.656043342 492
5.656043342 493
5.656043342 494
5.656043342 495
5.656043342 496
5.656043342 497
5.656043342 498
5.656043342 499
5.656043342 500
5.656043342 501
5.656043342 502
5.656043342 503
5.656043342 504
5.656043342 505
5.656043342 506
5.656043342 507
5.656043342 508
5.656043342 509
5.656043342 510
5.656043342 511
5.656043342 512
5.656043342 513
5.656043342 514
5.656043342 515
5.656043342 516
5.656043342 517
5.656043342 518
5.656043342 519
5.656043342 520
5.656043342 521
5.656043342 522
5.656043342 523
5.656043342 524
5.656043342 525
5.656043342 526
5.656043342 527
5.656043342 528
5.656043342 529
5.656043342 530
5.656043342 531
5.656043342 532
5.656043342 533
5.656043342 534
5.656043342 535
5.656043342 536
5.656043342 537
5.656043342 538
5.656043342 539
5.656043342 540
5.656043342 541
5.656043342 542
5.656043342 543
5.656043342 544
5.656043342 545
5.656043342 546
5.656043342 547
5.656043342 548
5.656043342 549
5.656043342 550
5.656043342 551
5.656043342 552
5.656043342 553
5.656043342 554
5.656043342 555
5.656043342 556
5.656043342 557
5.656043342 558
5.656043342 559
5.656043342 560
5.656043342 561
5.656043342 562
5.656043342 563
5.656043342 564
5.656043342 565
5.656043342 566
5.656043342 567
5.656043342 568
5.656043342 569
5.656043342 570
5.656043342 571
5.656043342 572
5.656043342 573
5.656043342 574
5.656043342 575
5.656043342 576
5.656043342 577
5.656043342 578
5.656043342 579
5.656043342 580
5.656043342 581
5.656043342 582
5.656043342 583
5.656043342 584
5.656043342 585
5.656043342 586
5.656043342 587
5.656043342 588
5.656043342 589
5.656043342 590
5.656043342 591
5.656043342 592
5.656043342 593
5.656043342 594
5.656043342 595
5.656043342 596
5.656043342 597
5.656043342 598
5.656043342 599
5.656043342 600
5.656043342 601
5.656043342 602
5.656043342 603
5.656043342 604
5.656043342 605
5.656043342 606
5.656043342 607
5.656043342 608
5.656043342 609
5.656043342 610
5.656043342 611
5.656043342 612
5.656043342 613
5.656043342 614
5.656043342 615
5.656043342 616
5.656043342 617
5.656043342 618
5.656043342 619
5.656043342 620
5.656043342 621
5.656043342 622
5.656043342 623
5.656043342 624
5.656043342 625
5.656043342 626
5.656043342 627
5.656043342 628
5.656043342 629
5.656043342 630
5.656043342 631
5.656043342 632
5.656043342 633
5.656043342 634
5.656043342 635
5.656043342 636
5.656043342 637
5.656043342 638
5.656043342 639
5.656043342 640
5.656043342 641
5.656043342 642
5.656043342 643
5.656043342 644
5.656043342 645
5.656043342 646
5.656043342 647
5.656043342 648
5.656043342 649
5.656043342 650
5.656043342 651
5.656043342 652
5.656043342 653
5.656043342 654
5.656043342 655
5.656043342 656
5.656043342 657
5.656043342 658
5.656043342 659
5.656043342 660
5.656043342 661
5.656043342 662
5.656043342 663
5.656043342 664
5.656043342 665
5.656043342 666
5.656043342 667
5.656043342 668
5.656043342 669
5.656043342 670
5.656043342 671
5.656043342 672
5.656043342 673
5.656043342 674
5.656043342 675
5.656043342 676
5.656043342 677
5.656043342 678
5.656043342 679
5.656043342 680
5.656043342 681
5.656043342 682
5.656043342 683
5.656043342 684
5.656043342 685
5.656043342 686
5.656043342 687
5.656043342 688
5.656043342 689
5.656043342 690
5.656043342 691
5.656043342 692
5.656043342 693
5.656043342 694
5.656043342 695
5.656043342 696
5.656043342 697
5.656043342 698
5.656043342 699
5.656043342 700
5.656043342 701
5.656043342 702
5.656043342 703
5.656043342 704
5.656043342 705
5.656043342 706
5.656043342 707
5.656043342 708
5.656043342 709
5.656043342 710
5.656043342 711
5.656043342 712
5.656043342 713
5.656043342 714
5.656043342 715
5.656043342 716
5.656043342 717
5.656043342 718
5.656043342 719
5.656043342 720
5.656043342 721
5.656043342 722
5.656043342 723
5.656043342 724
5.656043342 725
5.656043342 726
5.656043342 727
5.656043342 728
5.656043342 729
5.656043342 730
5.656043342 731
5.656043342 732
5.656043342 733
5.656043342 734
5.656043342 735
5.656043342 736
5.656043342 737
5.656043342 738
5.656043342 739
5.656043342 740
5.656043342 741
5.656043342 742
5.656043342 743
5.656043342 744
5.656043342 745
5.656043342 746
5.656043342 747
5.656043342 748
5.656043342 749
5.656043342 750
5.656043342 751
5.656043342 752
5.656043342 753
5.656043342 754
5.656043342 755
5.656043342 756
5.656043342 757
5.656043342 758
5.656043342 759
5.656043342 760
5.656043342 761
5.656043342 762
5.656043342 763
5.656043342 764
5.656043342 765
5.656043342 766
5.656043342 767
5.656043342 768
5.656043342 769
5.656043342 770
5.656043342 771
5.656043342 772
5.656043342 773
5.656043342 774
5.656043342 775
5.656043342 776
5.656043342 777
5.656043342 778
5.656043342 779
5.656043342 780
5.656043342 781
5.656043342 782
5.656043342 783
5.656043342 784
5.656043342 785
5.656043342 786
5.656043342 787
5.656043342 788
5.656043342 789
5.656043342 790
5.656043342 791
5.656043342 792
5.656043342 793
5.656043342 794
5.656043342 795
5.656043342 796
5.656043342 797
5.656043342 798
5.656043342 799
5.656043342 800
5.656043342 801
5.656043342 802
5.656043342 803
5.656043342 804
5.656043342 805
5.656043342 806
5.656043342 807
5.656043342 808
5.656043342 809
5.656043342 810
5.656043342 811
5.656043342 812
5.656043342 813
5.656043342 814
5.656043342 815
5.656043342 816
5.656043342 817
5.656043342 818
5.656043342 819
5.656043342 820
5.656043342 821
5.656043342 822
5.656043342 823
5.656043342 824
5.656043342 825
5.656043342 826
5.656043342 827
5.656043342 828
5.656043342 829
5.656043342 830
5.656043342 831
5.656043342 832
5.656043342 833
5.656043342 834
5.656043342 835
5.656043342 836
5.656043342 837
5.656043342 838
5.656043342 839
5.656043342 840
5.656043342 841
5.656043342 842
5.656043342 843
5.656043342 844
5.656043342 845
5.656043342 846
5.656043342 847
5.656043342 848
5.656043342 849
5.656043342 850
5.656043342 851
5.656043342 852
5.656043342 853
5.656043342 854
5.656043342 855
5.656043342 856
5.656043342 857
5.656043342 858
5.656043342 859
5.656043342 860
5.656043342 861
5.656043342 862
5.656043342 863
5.656043342 864
5.656043342 865
5.656043342 866
5.656043342 867
5.656043342 868
5.656043342 869
5.656043342 870
5.656043342 871
5.656043342 872
5.656043342 873
5.656043342 874
5.656043342 875
5.656043342 876
5.656043342 877
5.656043342 878
5.656043342 879
5.656043342 880
5.656043342 881
5.656043342 882
5.656043342 883
5.656043342 884
5.656043342 885
5.656043342 886
5.656043342 887
5.656043342 888
5.656043342 889
5.656043342 890
5.656043342 891
5.656043342 892
5.656043342 893
5.656043342 894
5.656043342 895
5.656043342 896
5.656043342 897
5.656043342 898
5.656043342 899
5.656043342 900
5.656043342 901
5.656043342 902
5.656043342 903
5.656043342 904
5.656043342 905
5.656043342 906
5.656043342 907
5.656043342 908
5.656043342 909
5.656043342 910
5.656043342 911
5.656043342 912
5.656043342 913
5.656043342 914
5.656043342 915
5.656043342 916
5.656043342 917
5.656043342 918
5.656043342 919
5.656043342 920
5.656043342 921
5.656043342 922
5.656043342 923
5.656043342 924
5.656043342 925
5.656043342 926
5.656043342 927
5.656043342 928
5.656043342 929
5.656043342 930
5.656043342 931
5.656043342 932
5.656043342 933
5.656043342 934
5.656043342 935
5.656043342 936
5.656043342 937
5.656043342 938
5.656043342 939
5.656043342 940
5.656043342 941
5.656043342 942
5.656043342 943
5.656043342 944
5.656043342 945
5.656043342 946
5.656043342 947
5.656043342 948
5.656043342 949
5.656043342 950
5.656043342 951
5.656043342 952
5.656043342 953
5.656043342 954
5.656043342 955
5.656043342 956
5.656043342 957
5.656043342 958
5.656043342 959
5.656043342 960
5.656043342 961
5.656043342 962
5.656043342 963
5.656043342 964
5.656043342 965
5.656043342 966
5.656043342 967
5.656043342 968
5.656043342 969
5.656043342 970
5.656043342 971
5.656043342 972
5.656043342 973
5.656043342 974
5.656043342 975
5.656043342 976
5.656043342 977
5.656043342 978
5.656043342 979
5.656043342 980
5.656043342 981
5.656043342 982
5.656043342 983
5.656043342 984
5.656043342 985
5.656043342 986
5.656043342 987
5.656043342 988
5.656043342 989
5.656043342 990
5.656043342 991
5.656043342 992
5.656043342 993
5.656043342 994
5.656043342 995
5.656043342 996
5.656043342 997
5.656043342 998
5.656043342 999
5.656043342 1000
5.656043342 1001
