-16.55065997 2
-16.55065997 3
-16.55065997 4
-13.56093212 5
-13.56093212 6
-6.429563751 7
1.483690353 8
1.483690353 9
1.483690353 10
3.852491515 11
3.852491515 12
3.852491515 13
3.852491515 14
3.852491515 15
3.852491515 16
3.852491515 17
3.852491515 18
3.852491515 19
3.852491515 20
3.852491515 21
3.852491515 22
3.852491515 23
3.852491515 24
3.852491515 25
3.852491515 26
3.852491515 27
3.852491515 28
3.852491515 29
3.852491515 30
3.852491515 31
5.886470681 32
5.886470681 33
5.886470681 34
5.886470681 35
5.886470681 36
5.886470681 37
5.886470681 38
5.886470681 39
5.886470681 40
5.886470681 41
5.886470681 42
5.886470681 43
5.886470681 44
5.886470681 45
5.886470681 46
5.886470681 47
5.886470681 48
5.886470681 49
6.897945558 50
6.897945558 51
6.897945558 52
6.897945558 53
6.897945558 54
6.897945558 55
6.897945558 56
6.897945558 57
6.897945558 58
6.897945558 59
6.897945558 60
6.897945558 61
6.897945558 62
6.897945558 63
6.897945558 64
6.897945558 65
6.897945558 66
6.897945558 67
6.897945558 68
6.897945558 69
6.897945558 70
7.66493029 71
7.66493029 72
7.66493029 73
7.66493029 74
7.66493029 75
8.267280843 76
8.822237165 77
8.822237165 78
8.822237165 79
8.822237165 80
8.822237165 81
8.822237165 82
8.822237165 83
8.822237165 84
8.822237165 85
8.822237165 86
8.822237165 87
8.822237165 88
8.822237165 89
8.822237165 90
8.822237165 91
8.822237165 92
8.822237165 93
8.822237165 94
8.822237165 95
9.181502778 96
9.181502778 97
9.181502778 98
9.181502778 99
9.181502778 100
9.181502778 101
9.181502778 102
10.58041791 103
10.58041791 104
10.58041791 105
10.63160578 106
10.63160578 107
10.63160578 108
10.63160578 109
10.63160578 110
10.80652306 111
10.80652306 112
10.80652306 113
10.80652306 114
10.80652306 115
10.80652306 116
11.01437132 117
11.01437132 118
11.01437132 119
11.01437132 120
11.06560996 121
11.06560996 122
11.06560996 123
11.06560996 124
11.06560996 125
11.06560996 126
11.06560996 127
11.06560996 128
11.19697991 129
11.19697991 130
11.24047833 131
11.24047833 132
11.24047833 133
11.24047833 134
11.24047833 135
11.24047833 136
11.24047833 137
11.405044 138
11.45951576 139
11.46605882 140
11.46605882 141
11.46605882 142
11.46605882 143
11.46605882 144
11.46605882 145
11.46605882 146
11.46605882 147
11.46605882 148
11.46605882 149
11.46605882 150
11.47301944 151
11.47301944 152
11.47301944 153
11.47301944 154
11.47301944 155
11.47301944 156
11.47301944 157
11.50881313 158
11.50881313 159
11.52843127 160
11.52843127 161
11.57984877 162
11.6434182 163
11.71920015 164
11.71920015 165
11.71920015 166
11.71920015 167
11.71920015 168
11.71920015 169
11.71920015 170
11.71920015 171
11.71920015 172
11.71920015 173
11.71920015 174
11.71920015 175
11.75549015 176
11.75549015 177
11.75549015 178
11.75549015 179
11.75549015 180
11.77549019 181
11.77549019 182
11.77549019 183
11.82087209 184
11.82087209 185
11.82087209 186
11.82087209 187
11.82087209 188
11.82087209 189
11.82643 190
11.82643 191
11.83789075 192
11.85105231 193
11.87330192 194
11.87330192 195
11.87330192 196
11.87330192 197
11.87330192 198
11.87330192 199
11.87330192 200
11.87330192 201
11.87330192 202
11.87330192 203
11.88218173 204
11.88218173 205
11.88218173 206
11.88218173 207
11.88218173 208
11.88218173 209
11.88335607 210
11.88335607 211
11.88335607 212
11.88497903 213
11.88497903 214
11.88497903 215
11.88497903 216
11.88497903 217
11.88497903 218
11.88951214 219
11.88951214 220
11.88951214 221
11.89012982 222
11.89012982 223
11.89012982 224
11.89012982 225
11.89083511 226
11.89122524 227
11.8913779 228
11.8913779 229
11.8913779 230
11.89147236 231
11.8934354 232
11.8934354 233
11.8934354 234
11.8934354 235
11.89368406 236
11.89368406 237
11.89368406 238
11.89368406 239
11.89368406 240
11.89368406 241
11.89368406 242
11.89368406 243
11.89368406 244
11.89368406 245
11.89372356 246
11.89372356 247
11.89372356 248
11.89372356 249
11.89372356 250
11.89372356 251
11.89374344 252
11.89374344 253
11.89374344 254
11.89374344 255
11.89374344 256
11.89374344 257
11.8964463 258
11.8964463 259
11.8964463 260
11.8964463 261
11.89686154 262
11.89686154 263
11.89686154 264
11.89707968 265
11.89707968 266
11.89707968 267
11.89859358 268
11.89859358 269
11.89859358 270
11.89859358 271
11.89859358 272
11.89859358 273
11.89859358 274
11.89859358 275
11.89859358 276
11.89859358 277
11.89859358 278
11.89859358 279
11.89859358 280
11.89859358 281
11.89859358 282
11.89859358 283
11.89859358 284
11.8986369 285
11.8986369 286
11.8986369 287
11.89873372 288
11.89873372 289
11.89887727 290
11.89887727 291
11.89956218 292
11.89956218 293
11.89956218 294
11.89956218 295
11.89956218 296
11.89956218 297
11.89956218 298
11.89956218 299
11.89964131 300
11.89971425 301
11.89975129 302
11.89975148 303
11.89975148 304
11.89975148 305
11.89976233 306
11.89976346 307
11.89976346 308
11.89976346 309
11.89976532 310
11.89976714 311
11.89976823 312
11.89976889 313
11.89976923 314
11.89976923 315
11.89976923 316
11.89984279 317
11.89984279 318
11.899941 319
11.899941 320
11.899941 321
11.899941 322
11.899941 323
11.899941 324
11.899941 325
11.899941 326
11.899941 327
11.899941 328
11.899941 329
11.90006323 330
11.90006323 331
11.90006323 332
11.90006323 333
11.90008149 334
11.90008149 335
11.90008149 336
11.90008149 337
11.90008149 338
11.90008149 339
11.90008149 340
11.90008149 341
11.90008149 342
11.90008149 343
11.90008149 344
11.90008149 345
11.90008149 346
11.90008149 347
11.90008149 348
11.90008149 349
11.90008149 350
11.90008149 351
11.90012629 352
11.90012629 353
11.90012629 354
11.90012629 355
11.90012629 356
11.90012629 357
11.90012629 358
11.90012629 359
11.90013052 360
11.90014393 361
11.90014393 362
11.90014943 363
11.90014943 364
11.90014943 365
11.90017585 366
11.90017585 367
11.90018278 368
11.90018278 369
11.90018278 370
11.90018278 371
11.90018278 372
11.90018278 373
11.90018278 374
11.90018278 375
11.9002042 376
11.9002042 377
11.9002042 378
11.90021844 379
11.90021844 380
11.9002346 381
11.90023652 382
11.90024169 383
11.90024169 384
11.90028042 385
11.90028042 386
11.90028042 387
11.90028042 388
11.90028042 389
11.90028042 390
11.90028042 391
11.90028985 392
11.90028985 393
11.90028985 394
11.90028985 395
11.90028985 396
11.90028985 397
11.90028985 398
11.90029007 399
11.90029007 400
11.90029007 401
11.90029273 402
11.90029273 403
11.90029289 404
11.90029289 405
11.90029289 406
11.90029289 407
11.90029289 408
11.90029458 409
11.90029458 410
11.90029458 411
11.90029458 412
11.90029458 413
11.90029458 414
11.90029458 415
11.90029458 416
11.90029458 417
11.90029458 418
11.90029458 419
11.90029458 420
11.90029458 421
11.90029458 422
11.90029458 423
11.90029458 424
11.90029498 425
11.9002978 426
11.9002978 427
11.9002978 428
11.9002978 429
11.9002978 430
11.9002978 431
11.9002978 432
11.90029788 433
11.90029798 434
11.90029798 435
11.90029808 436
11.90029808 437
11.90029809 438
11.90029814 439
11.90029814 440
11.90029828 441
11.90029828 442
11.90029828 443
11.9002983 444
11.9002983 445
11.9002983 446
11.9002983 447
11.90029835 448
11.90029835 449
11.90029844 450
11.90029846 451
11.90029848 452
11.90029849 453
11.9002985 454
11.9002985 455
11.90029853 456
11.90029853 457
11.90029853 458
11.90029853 459
11.90029853 460
11.90029853 461
11.90029864 462
11.90029867 463
11.90029867 464
11.90029867 465
11.90029867 466
11.90029867 467
11.90029867 468
11.90029868 469
11.90029868 470
11.90029868 471
11.90029868 472
11.9002987 473
11.9002987 474
11.9002987 475
11.9002987 476
11.9002987 477
11.9002987 478
11.9002987 479
11.90029871 480
11.90029871 481
11.90029871 482
11.90029871 483
11.90029871 484
11.90029871 485
11.90029872 486
11.90029872 487
11.90029872 488
11.90029872 489
11.90029873 490
11.90029874 491
11.90029874 492
11.90029875 493
11.90029875 494
11.90029875 495
11.90029876 496
11.90029876 497
11.90029876 498
11.90029876 499
11.90029876 500
11.90029877 501
11.90029877 502
11.90029877 503
11.90029877 504
11.90029877 505
11.90029877 506
11.90029878 507
11.90029878 508
11.90029878 509
11.90029878 510
11.90029878 511
11.90029878 512
11.90029878 513
11.90029879 514
11.90029879 515
11.90029879 516
11.90029879 517
11.90029879 518
11.90029879 519
11.9002988 520
11.9002988 521
11.9002988 522
11.9002988 523
11.9002988 524
11.9002988 525
11.9002988 526
11.9002988 527
11.9002988 528
11.9002988 529
11.9002988 530
11.9002988 531
11.9002988 532
11.9002988 533
11.9002988 534
11.9002988 535
11.9002988 536
11.9002988 537
11.9002988 538
11.9002988 539
11.9002988 540
11.9002988 541
11.9002988 542
11.9002988 543
11.9002988 544
11.9002988 545
11.9002988 546
11.9002988 547
11.9002988 548
11.9002988 549
11.9002988 550
11.9002988 551
11.9002988 552
11.9002988 553
11.9002988 554
11.9002988 555
11.9002988 556
11.9002988 557
11.9002988 558
11.90029881 559
11.90029881 560
11.90029881 561
11.90029881 562
11.90029881 563
11.90029881 564
11.90029881 565
11.90029881 566
11.90029881 567
11.90029881 568
11.90029881 569
11.90029881 570
11.90029881 571
11.90029881 572
11.90029881 573
11.90029881 574
11.90029881 575
11.90029881 576
11.90029881 577
11.90029881 578
11.90029881 579
11.90029881 580
11.90029881 581
11.90029881 582
11.90029881 583
11.90029881 584
11.90029881 585
11.90029881 586
11.90029881 587
11.90029881 588
11.90029881 589
11.90029881 590
11.90029881 591
11.90029881 592
11.90029881 593
11.90029881 594
11.90029881 595
11.90029881 596
11.90029881 597
11.90029881 598
11.90029881 599
11.90029881 600
11.90029881 601
11.90029881 602
11.90029881 603
11.90029881 604
11.90029881 605
11.90029881 606
11.90029881 607
11.90029881 608
11.90029881 609
11.90029881 610
11.90029881 611
11.90029881 612
11.90029881 613
11.90029881 614
11.90029881 615
11.90029881 616
11.90029881 617
11.90029881 618
11.90029881 619
11.90029881 620
11.90029881 621
11.90029881 622
11.90029881 623
11.90029881 624
11.90029881 625
11.90029881 626
11.90029881 627
11.90029881 628
11.90029881 629
11.90029881 630
11.90029881 631
11.90029881 632
11.90029881 633
11.90029881 634
11.90029881 635
11.90029881 636
11.90029881 637
11.90029881 638
11.90029881 639
11.90029881 640
11.90029881 641
11.90029881 642
11.90029881 643
11.90029881 644
11.90029881 645
11.90029881 646
11.90029881 647
11.90029881 648
11.90029881 649
11.90029881 650
11.90029881 651
11.90029881 652
11.90029881 653
11.90029881 654
11.90029881 655
11.90029881 656
11.90029881 657
11.90029881 658
11.90029881 659
11.90029881 660
11.90029881 661
11.90029881 662
11.90029881 663
11.90029881 664
11.90029881 665
11.90029881 666
11.90029881 667
11.90029881 668
11.90029881 669
11.90029881 670
11.90029881 671
11.90029881 672
11.90029881 673
11.90029881 674
11.90029881 675
11.90029881 676
11.90029881 677
11.90029881 678
11.90029881 679
11.90029881 680
11.90029881 681
11.90029881 682
11.90029881 683
11.90029881 684
11.90029881 685
11.90029881 686
11.90029881 687
11.90029881 688
11.90029881 689
11.90029881 690
11.90029881 691
11.90029881 692
11.90029881 693
11.90029881 694
11.90029881 695
11.90029881 696
11.90029881 697
11.90029881 698
11.90029881 699
11.90029881 700
11.90029881 701
11.90029881 702
11.90029881 703
11.90029881 704
11.90029881 705
11.90029881 706
11.90029881 707
11.90029881 708
11.90029881 709
11.90029881 710
11.90029881 711
11.90029881 712
11.90029881 713
11.90029881 714
11.90029881 715
11.90029881 716
11.90029881 717
11.90029881 718
11.90029881 719
11.90029881 720
11.90029881 721
11.90029881 722
11.90029881 723
11.90029881 724
11.90029881 725
11.90029881 726
11.90029881 727
11.90029881 728
11.90029881 729
11.90029881 730
11.90029881 731
11.90029881 732
11.90029881 733
11.90029881 734
11.90029881 735
11.90029881 736
11.90029881 737
11.90029881 738
11.90029881 739
11.90029881 740
11.90029881 741
11.90029881 742
11.90029881 743
11.90029881 744
11.90029881 745
11.90029881 746
11.90029881 747
11.90029881 748
11.90029881 749
11.90029881 750
11.90029881 751
11.90029881 752
11.90029881 753
11.90029881 754
11.90029881 755
11.90029881 756
11.90029881 757
11.90029881 758
11.90029881 759
11.90029881 760
11.90029881 761
11.90029881 762
11.90029881 763
11.90029881 764
11.90029881 765
11.90029881 766
11.90029881 767
11.90029881 768
11.90029881 769
11.90029881 770
11.90029881 771
11.90029881 772
11.90029881 773
11.90029881 774
11.90029881 775
11.90029881 776
11.90029881 777
11.90029881 778
11.90029881 779
11.90029881 780
11.90029881 781
11.90029881 782
11.90029881 783
11.90029881 784
11.90029881 785
11.90029881 786
11.90029881 787
11.90029881 788
11.90029881 789
11.90029881 790
11.90029881 791
11.90029881 792
11.90029881 793
11.90029881 794
11.90029881 795
11.90029881 796
11.90029881 797
11.90029881 798
11.90029881 799
11.90029881 800
11.90029881 801
11.90029881 802
11.90029881 803
11.90029881 804
11.90029881 805
11.90029881 806
11.90029881 807
11.90029881 808
11.90029881 809
11.90029881 810
11.90029881 811
11.90029881 812
11.90029881 813
11.90029881 814
11.90029881 815
11.90029881 816
11.90029881 817
11.90029881 818
11.90029881 819
11.90029881 820
11.90029881 821
11.90029881 822
11.90029881 823
11.90029881 824
11.90029881 825
11.90029881 826
11.90029881 827
11.90029881 828
11.90029881 829
11.90029881 830
11.90029881 831
11.90029881 832
11.90029881 833
11.90029881 834
11.90029881 835
11.90029881 836
11.90029881 837
11.90029881 838
11.90029881 839
11.90029881 840
11.90029881 841
11.90029881 842
11.90029881 843
11.90029881 844
11.90029881 845
11.90029881 846
11.90029881 847
11.90029881 848
11.90029881 849
11.90029881 850
11.90029881 851
11.90029881 852
11.90029881 853
11.90029881 854
11.90029881 855
11.90029881 856
11.90029881 857
11.90029881 858
11.90029881 859
11.90029881 860
11.90029881 861
11.90029881 862
11.90029881 863
11.90029881 864
11.90029881 865
11.90029881 866
11.90029881 867
11.90029881 868
11.90029881 869
11.90029881 870
11.90029881 871
11.90029881 872
11.90029881 873
11.90029881 874
11.90029881 875
11.90029881 876
11.90029881 877
11.90029881 878
11.90029881 879
11.90029881 880
11.90029881 881
11.90029881 882
11.90029881 883
11.90029881 884
11.90029881 885
11.90029881 886
11.90029881 887
11.90029881 888
11.90029881 889
11.90029881 890
11.90029881 891
11.90029881 892
11.90029881 893
11.90029881 894
11.90029881 895
11.90029881 896
11.90029881 897
11.90029881 898
11.90029881 899
11.90029881 900
11.90029881 901
11.90029881 902
11.90029881 903
11.90029881 904
11.90029881 905
11.90029881 906
11.90029881 907
11.90029881 908
11.90029881 909
11.90029881 910
11.90029881 911
11.90029881 912
11.90029881 913
11.90029881 914
11.90029881 915
11.90029881 916
11.90029881 917
11.90029881 918
11.90029881 919
11.90029881 920
11.90029881 921
11.90029881 922
11.90029881 923
11.90029881 924
11.90029881 925
11.90029881 926
11.90029881 927
11.90029881 928
11.90029881 929
11.90029881 930
11.90029881 931
11.90029881 932
11.90029881 933
11.90029881 934
11.90029881 935
11.90029881 936
11.90029881 937
11.90029881 938
11.90029881 939
11.90029881 940
11.90029881 941
11.90029881 942
11.90029881 943
11.90029881 944
11.90029881 945
11.90029881 946
11.90029881 947
11.90029881 948
11.90029881 949
11.90029881 950
11.90029881 951
11.90029881 952
11.90029881 953
11.90029881 954
11.90029881 955
11.90029881 956
11.90029881 957
11.90029881 958
11.90029881 959
11.90029881 960
11.90029881 961
11.90029881 962
11.90029881 963
11.90029881 964
11.90029881 965
11.90029881 966
11.90029881 967
11.90029881 968
11.90029881 969
11.90029881 970
11.90029881 971
11.90029881 972
11.90029881 973
11.90029881 974
11.90029881 975
11.90029881 976
11.90029881 977
11.90029881 978
11.90029881 979
11.90029881 980
11.90029881 981
11.90029881 982
11.90029881 983
11.90029881 984
11.90029881 985
11.90029881 986
11.90029881 987
11.90029881 988
11.90029881 989
11.90029881 990
11.90029881 991
11.90029881 992
11.90029881 993
11.90029881 994
11.90029881 995
11.90029881 996
11.90029881 997
11.90029881 998
11.90029881 999
11.90029881 1000
11.90029881 1001
