-71.08316191 2
-46.74939164 3
-16.91579872 4
-16.91579872 5
-16.91579872 6
-16.91579872 7
-16.91579872 8
-10.84242195 9
-10.84242195 10
-10.15193582 11
-10.15193582 12
-10.15193582 13
-8.16123085 14
-8.16123085 15
-8.16123085 16
-8.16123085 17
-8.16123085 18
-8.16123085 19
-5.810575791 20
-5.810575791 21
-5.810575791 22
-4.81420224 23
-4.81420224 24
-4.604156524 25
-4.604156524 26
-3.081496147 27
-3.081496147 28
-3.081496147 29
-3.081496147 30
-3.081496147 31
-3.081496147 32
-3.081496147 33
-3.081496147 34
-3.081496147 35
-3.081496147 36
-3.081496147 37
-3.081496147 38
-3.081496147 39
-2.545475579 40
-2.545475579 41
-2.545475579 42
-0.6514423863 43
-0.6514423863 44
-0.6514423863 45
-0.6514423863 46
-0.6514423863 47
-0.6514423863 48
-0.6514423863 49
-0.6514423863 50
-0.1697599229 51
-0.1697599229 52
-0.1697599229 53
-0.1697599229 54
-0.1697599229 55
0.09513633507 56
0.09513633507 57
0.09513633507 58
0.2002545028 59
0.2002545028 60
0.2002545028 61
0.2002545028 62
0.2002545028 63
0.2002545028 64
0.2002545028 65
0.2002545028 66
0.2002545028 67
0.2002545028 68
0.2002545028 69
0.2002545028 70
0.2002545028 71
0.2002545028 72
0.2002545028 73
0.2002545028 74
0.7382853786 75
0.7382853786 76
0.7382853786 77
0.7382853786 78
0.7382853786 79
0.7382853786 80
0.7382853786 81
0.7382853786 82
0.7382853786 83
0.7382853786 84
0.7382853786 85
0.7382853786 86
0.7382853786 87
0.7382853786 88
0.7382853786 89
0.7382853786 90
0.7382853786 91
0.7382853786 92
0.7382853786 93
0.7382853786 94
0.7382853786 95
0.7382853786 96
0.7382853786 97
1.500471559 98
1.500471559 99
1.500471559 100
1.500471559 101
1.500471559 102
1.500471559 103
1.500471559 104
1.500471559 105
1.500471559 106
1.742220844 107
1.742220844 108
1.742220844 109
1.742220844 110
1.742220844 111
1.742220844 112
1.742220844 113
1.742220844 114
1.742220844 115
1.742220844 116
1.742220844 117
1.742220844 118
1.742220844 119
1.742220844 120
1.742220844 121
1.779301725 122
1.779301725 123
1.779301725 124
1.779301725 125
1.779301725 126
1.779301725 127
1.779301725 128
1.779301725 129
1.779301725 130
1.779301725 131
1.779301725 132
1.779301725 133
1.779301725 134
1.779301725 135
1.779301725 136
1.779301725 137
1.779301725 138
1.875679532 139
2.02383721 140
2.02383721 141
2.175488302 142
2.175488302 143
2.175488302 144
2.175488302 145
2.175488302 146
2.175488302 147
2.175488302 148
2.33629564 149
2.33629564 150
2.33629564 151
2.33629564 152
2.33629564 153
2.33629564 154
2.33629564 155
2.33629564 156
2.343192366 157
2.343192366 158
2.343192366 159
2.343192366 160
2.343192366 161
2.343192366 162
2.365106382 163
2.365106382 164
2.365106382 165
2.365106382 166
2.365106382 167
2.365106382 168
2.365106382 169
2.365106382 170
2.365106382 171
2.365106382 172
2.529302404 173
2.529302404 174
2.529302404 175
2.529302404 176
2.543535084 177
2.543535084 178
2.581782986 179
2.581782986 180
2.581782986 181
2.650335989 182
2.650335989 183
2.650335989 184
2.650335989 185
2.650335989 186
2.657493982 187
2.671353027 188
2.671353027 189
2.671353027 190
2.681677016 191
2.687352717 192
2.687352717 193
2.687352717 194
2.687352717 195
2.687352717 196
2.687352717 197
2.709013714 198
2.712036717 199
2.712036717 200
2.712036717 201
2.712036717 202
2.712036717 203
2.713911634 204
2.713911634 205
2.722724052 206
2.722724052 207
2.722724052 208
2.722724052 209
2.722724052 210
2.722724052 211
2.722724052 212
2.722724052 213
2.722724052 214
2.722724052 215
2.725936909 216
2.725936909 217
2.726399571 218
2.727127674 219
2.727127674 220
2.73044987 221
2.732250159 222
2.732250159 223
2.732258925 224
2.732258925 225
2.732271526 226
2.732271526 227
2.732271526 228
2.732271526 229
2.732271526 230
2.733160107 231
2.734367109 232
2.734367109 233
2.736642561 234
2.736642561 235
2.736642561 236
2.736642561 237
2.7371504 238
2.7371504 239
2.7371504 240
2.7371504 241
2.7371504 242
2.7371504 243
2.7371504 244
2.737451288 245
2.737822132 246
2.738017624 247
2.73830818 248
2.73830818 249
2.738479999 250
2.738479999 251
2.739711891 252
2.739711891 253
2.742089153 254
2.742436785 255
2.746254337 256
2.746254337 257
2.746254337 258
2.74630511 259
2.74630511 260
2.747994341 261
2.747994341 262
2.747994341 263
2.747994341 264
2.748461637 265
2.748461637 266
2.748905342 267
2.748905342 268
2.748905342 269
2.748905342 270
2.748905342 271
2.748905342 272
2.748905342 273
2.748905342 274
2.748905342 275
2.748905342 276
2.748905342 277
2.749010619 278
2.749010619 279
2.749010619 280
2.749010619 281
2.749010619 282
2.749010619 283
2.749010619 284
2.749010619 285
2.749010619 286
2.749010619 287
2.749010619 288
2.749010619 289
2.749010619 290
2.749176866 291
2.749176866 292
2.749176866 293
2.749176866 294
2.749176866 295
2.749176866 296
2.749176866 297
2.749176866 298
2.749252213 299
2.749252213 300
2.749252213 301
2.749252213 302
2.749252213 303
2.74926336 304
2.74926336 305
2.749264537 306
2.749264537 307
2.749265465 308
2.749266445 309
2.749267035 310
2.74926739 311
2.749267603 312
2.749267732 313
2.749371856 314
2.749371856 315
2.749371856 316
2.749613217 317
2.749613217 318
2.749613217 319
2.749613217 320
2.749613217 321
2.749613217 322
2.749613217 323
2.749613217 324
2.749613217 325
2.749613217 326
2.749613217 327
2.749613217 328
2.749640164 329
2.749659336 330
2.749672003 331
2.749672003 332
2.749672003 333
2.749672003 334
2.749672003 335
2.749672003 336
2.749672003 337
2.749678116 338
2.749678116 339
2.749678116 340
2.749678116 341
2.749678116 342
2.749678637 343
2.749678637 344
2.749682085 345
2.749682085 346
2.749682085 347
2.749682085 348
2.749682085 349
2.749682085 350
2.749682432 351
2.749682751 352
2.749682751 353
2.749682751 354
2.749682751 355
2.749682751 356
2.749682751 357
2.749682751 358
2.749682751 359
2.749682816 360
2.749682993 361
2.749682993 362
2.749682993 363
2.749683007 364
2.749683007 365
2.749683007 366
2.749683007 367
2.749683007 368
2.749683007 369
2.749683007 370
2.749683007 371
2.749683007 372
2.749684056 373
2.749684056 374
2.749684056 375
2.749684056 376
2.749685073 377
2.749686264 378
2.749686264 379
2.749686264 380
2.749688912 381
2.749688912 382
2.749689204 383
2.749689244 384
2.749689244 385
2.749689244 386
2.749689244 387
2.749689244 388
2.749689244 389
2.749689244 390
2.749689244 391
2.749689309 392
2.749689818 393
2.749689893 394
2.749689893 395
2.749689893 396
2.749689903 397
2.749689903 398
2.749689903 399
2.749689915 400
2.749689963 401
2.749689963 402
2.749689963 403
2.749689963 404
2.749689963 405
2.749689963 406
2.749689963 407
2.749689963 408
2.749689963 409
2.749689963 410
2.749689963 411
2.749689963 412
2.749689963 413
2.749689963 414
2.749689963 415
2.749689963 416
2.749689963 417
2.749689963 418
2.74968997 419
2.74968997 420
2.74968997 421
2.74968997 422
2.749689978 423
2.74968998 424
2.749689982 425
2.749689983 426
2.749690347 427
2.74969039 428
2.74969039 429
2.74969039 430
2.749690399 431
2.749690399 432
2.749690399 433
2.749690399 434
2.749690471 435
2.749690471 436
2.749690471 437
2.749690527 438
2.749690527 439
2.749690546 440
2.749690546 441
2.749690546 442
2.749690549 443
2.749690559 444
2.749690584 445
2.749690601 446
2.749690618 447
2.749690621 448
2.749690621 449
2.749690624 450
2.749690624 451
2.749690624 452
2.749690624 453
2.749690624 454
2.749690629 455
2.749690629 456
2.749690629 457
2.749690629 458
2.749690629 459
2.749690635 460
2.749690635 461
2.749690635 462
2.749690635 463
2.749690635 464
2.749690635 465
2.749690635 466
2.749690635 467
2.749690635 468
2.749690635 469
2.749690635 470
2.749690635 471
2.749690635 472
2.749690635 473
2.749690635 474
2.749690635 475
2.749690635 476
2.749690635 477
2.749690635 478
2.749690636 479
2.749690636 480
2.749690637 481
2.749690637 482
2.749690638 483
2.749690638 484
2.749690638 485
2.749690638 486
2.749690638 487
2.749690638 488
2.749690638 489
2.749690638 490
2.749690638 491
2.749690638 492
2.749690638 493
2.749690638 494
2.749690638 495
2.749690638 496
2.749690638 497
2.749690638 498
2.749690638 499
2.749690638 500
2.749690638 501
2.749690639 502
2.749690639 503
2.749690639 504
2.749690639 505
2.749690639 506
2.749690639 507
2.749690639 508
2.749690639 509
2.749690639 510
2.749690639 511
2.749690639 512
2.749690639 513
2.749690639 514
2.749690639 515
2.749690639 516
2.749690639 517
2.749690639 518
2.749690639 519
2.749690639 520
2.749690639 521
2.749690639 522
2.749690639 523
2.749690639 524
2.749690639 525
2.749690639 526
2.749690639 527
2.749690639 528
2.749690639 529
2.749690639 530
2.749690639 531
2.749690639 532
2.749690639 533
2.749690639 534
2.749690639 535
2.749690639 536
2.749690639 537
2.749690639 538
2.749690639 539
2.749690639 540
2.749690639 541
2.749690639 542
2.749690639 543
2.749690639 544
2.749690639 545
2.749690639 546
2.749690639 547
2.749690639 548
2.749690639 549
2.749690639 550
2.749690639 551
2.749690639 552
2.749690639 553
2.749690639 554
2.749690639 555
2.749690639 556
2.749690639 557
2.749690639 558
2.749690639 559
2.749690639 560
2.749690639 561
2.749690639 562
2.749690639 563
2.749690639 564
2.749690639 565
2.749690639 566
2.749690639 567
2.749690639 568
2.749690639 569
2.749690639 570
2.749690639 571
2.749690639 572
2.749690639 573
2.749690639 574
2.749690639 575
2.749690639 576
2.749690639 577
2.749690639 578
2.749690639 579
2.749690639 580
2.749690639 581
2.749690639 582
2.749690639 583
2.749690639 584
2.749690639 585
2.749690639 586
2.749690639 587
2.749690639 588
2.749690639 589
2.749690639 590
2.749690639 591
2.749690639 592
2.749690639 593
2.749690639 594
2.749690639 595
2.749690639 596
2.749690639 597
2.749690639 598
2.749690639 599
2.749690639 600
2.749690639 601
2.749690639 602
2.749690639 603
2.749690639 604
2.749690639 605
2.749690639 606
2.755741646 607
2.755741646 608
2.755741646 609
2.755741646 610
2.762654072 611
2.762654072 612
2.762654072 613
2.763016112 614
2.763452315 615
2.763629479 616
2.763701414 617
2.763730592 618
2.763742411 619
2.763747191 620
2.763749122 621
2.7637499 622
2.763750213 623
2.772303614 624
2.772303614 625
2.772733248 626
2.772733248 627
2.772733248 628
2.772733248 629
2.775723625 630
2.777790969 631
2.777790969 632
2.777790969 633
2.777790969 634
2.777790969 635
2.779128647 636
2.779323949 637
2.779323949 638
2.779323949 639
2.779323949 640
2.779323949 641
2.779421548 642
2.779421548 643
2.779541665 644
2.779562266 645
2.779818958 646
2.779899754 647
2.780431953 648
2.780452402 649
2.780452402 650
2.780619875 651
2.780629085 652
2.780629085 653
2.780653743 654
2.780653743 655
2.780653743 656
2.780696067 657
2.780696067 658
2.780822872 659
2.780828848 660
2.780828848 661
2.780828848 662
2.78086952 663
2.780873805 664
2.780873805 665
2.780873805 666
2.780959672 667
2.780959672 668
2.780959672 669
2.780959672 670
2.780959672 671
2.780959672 672
2.780959672 673
2.780979153 674
2.780979153 675
2.780979441 676
2.780979441 677
2.780980229 678
2.780980229 679
2.780991492 680
2.780991492 681
2.780991492 682
2.78099241 683
2.78099241 684
2.78099241 685
2.78099241 686
2.78099241 687
2.780995447 688
2.780995447 689
2.780995447 690
2.780995447 691
2.780997333 692
2.781009317 693
2.781011826 694
2.781015614 695
2.781016962 696
2.781016962 697
2.781016962 698
2.781016962 699
2.781016962 700
2.781016962 701
2.781016962 702
2.781016962 703
2.781016962 704
2.781016962 705
2.781016962 706
2.781016962 707
2.781017636 708
2.781017636 709
2.781019155 710
2.781019809 711
2.781020457 712
2.781029673 713
2.781029673 714
2.781032419 715
2.781040764 716
2.781043806 717
2.781043806 718
2.781044083 719
2.781045485 720
2.781046595 721
2.781047838 722
2.781049822 723
2.78105022 724
2.781050583 725
2.781050583 726
2.781050675 727
2.781050694 728
2.781050785 729
2.781053402 730
2.781053584 731
2.781053944 732
2.781054102 733
2.78105453 734
2.781054672 735
2.781054718 736
2.781055628 737
2.781055628 738
2.781055756 739
2.781056248 740
2.78105639 741
2.781056671 742
2.781057042 743
2.781057098 744
2.781057116 745
2.781057141 746
2.781057444 747
2.781057678 748
2.781058916 749
2.78106047 750
2.781061533 751
2.781063389 752
2.781065575 753
2.78106886 754
2.781077945 755
2.781081943 756
2.781095325 757
2.781095325 758
2.781095325 759
2.781095838 760
2.781095838 761
2.781095842 762
2.781096118 763
2.781096401 764
2.781096541 765
2.781096576 766
2.781096649 767
2.78109667 768
2.781097653 769
2.781098824 770
2.781099072 771
2.781099072 772
2.781099072 773
2.781099072 774
2.781099072 775
2.781099122 776
2.781099463 777
2.781099477 778
2.781099562 779
2.781099586 780
2.781099663 781
2.781099663 782
2.781099711 783
2.781099765 784
2.781099771 785
2.781099795 786
2.781099952 787
2.781099952 788
2.78109996 789
2.78109996 790
2.781100066 791
2.781100099 792
2.781100108 793
2.781100157 794
2.781100186 795
2.781100208 796
2.781100236 797
2.781100324 798
2.78110098 799
2.78110098 800
2.78110098 801
2.78110098 802
2.78110098 803
2.78110098 804
2.78110098 805
2.781100994 806
2.781100994 807
2.781101135 808
2.781101135 809
2.781101146 810
2.781101165 811
2.781101177 812
2.781101197 813
2.781101267 814
2.781101276 815
2.781101276 816
2.781101286 817
2.781101298 818
2.781101302 819
2.781101302 820
2.781101303 821
2.781101303 822
2.781101305 823
2.781101305 824
2.781101305 825
2.781101305 826
2.781101305 827
2.781101305 828
2.781101306 829
2.781101307 830
2.781101307 831
2.781101307 832
2.781101307 833
2.781101308 834
2.781101308 835
2.781101308 836
2.781101308 837
2.781101308 838
2.781101308 839
2.787436183 840
2.79200737 841
2.792620258 842
2.792777745 843
2.792818865 844
2.792829575 845
2.792832358 846
2.79283308 847
2.792833266 848
2.792833314 849
2.792833327 850
2.79283333 851
2.792833331 852
2.792833331 853
2.792833331 854
2.792833331 855
2.792833331 856
2.792833331 857
2.792833331 858
2.792833331 859
2.792833331 860
2.792833331 861
2.792833331 862
2.792833331 863
2.792833331 864
2.793205518 865
2.793205518 866
2.793205518 867
2.793859241 868
2.793859241 869
2.793859241 870
2.793859241 871
2.794303096 872
2.794534332 873
2.794856159 874
2.795046187 875
2.795046276 876
2.795046297 877
2.795047346 878
2.795050826 879
2.795051654 880
2.795051851 881
2.79506038 882
2.795067555 883
2.795070887 884
2.795073398 885
2.795211711 886
2.795211711 887
2.795211711 888
2.795211711 889
2.795218511 890
2.795223186 891
2.795223186 892
2.795223186 893
2.795223877 894
2.795224564 895
2.79522472 896
2.795227379 897
2.795227379 898
2.795227379 899
2.795227379 900
2.795227379 901
2.795227579 902
2.795227711 903
2.795227737 904
2.795228082 905
2.795228088 906
2.795228088 907
2.795228088 908
2.795228088 909
2.795228088 910
2.79522809 911
2.79522809 912
2.795228095 913
2.795228095 914
2.795250672 915
2.795250672 916
2.795250672 917
2.795250672 918
2.795250672 919
2.795250672 920
2.795291725 921
2.795291725 922
2.795317786 923
2.795317786 924
2.795330743 925
2.795337891 926
2.795339378 927
2.795339687 928
2.795339751 929
2.795339764 930
2.795339766 931
2.795339767 932
2.795339767 933
2.795339767 934
2.795339767 935
2.795339767 936
2.795339767 937
2.795339767 938
2.795339767 939
2.795339767 940
2.795339767 941
2.795339767 942
2.795339767 943
2.795339767 944
2.795339767 945
2.795339767 946
2.795339767 947
2.795339767 948
2.795339767 949
2.795339767 950
2.795339767 951
2.795359605 952
2.795359605 953
2.795359605 954
2.795387783 955
2.795394692 956
2.795395996 957
2.795396241 958
2.795396287 959
2.79548545 960
2.795496945 961
2.795496945 962
2.795503478 963
2.795518658 964
2.795527445 965
2.795535361 966
2.795536805 967
2.795537067 968
2.795537853 969
2.795538199 970
2.795538369 971
2.79553848 972
2.795538499 973
2.795538507 974
2.795538514 975
2.795538522 976
2.795538525 977
2.795538527 978
2.795538529 979
2.795538529 980
2.79553853 981
2.79553853 982
2.795543161 983
2.795552857 984
2.795556905 985
2.795559554 986
2.795559554 987
2.795567049 988
2.795567049 989
2.795567049 990
2.795567088 991
2.795567088 992
2.795567111 993
2.795567113 994
2.795567122 995
2.795567139 996
2.795567182 997
2.795567281 998
2.795567301 999
2.795567335 1000
2.795567347 1001
