-52.57508878 2
-24.01179559 3
-20.0477217 4
-20.0477217 5
-20.0477217 6
-16.64975896 7
-16.64975896 8
-15.82744149 9
-10.77098153 10
-10.77098153 11
-10.77098153 12
-10.77098153 13
-6.293131425 14
-3.932852995 15
-3.932852995 16
-3.932852995 17
-2.498505229 18
-2.498505229 19
-1.21052843 20
-1.21052843 21
-1.21052843 22
-1.21052843 23
0.6343829495 24
1.490160264 25
1.687570418 26
1.687570418 27
2.573523124 28
2.573523124 29
3.407651371 30
3.407651371 31
3.407651371 32
3.407651371 33
3.535266409 34
3.667103943 35
3.667103943 36
3.847334808 37
3.887712846 38
4.206250541 39
4.206250541 40
4.206250541 41
4.398897046 42
4.398897046 43
4.398897046 44
4.447793211 45
4.520403941 46
4.586907325 47
4.648171247 48
4.669730218 49
4.744380238 50
4.744380238 51
4.803175162 52
4.803175162 53
4.803175162 54
4.815220582 55
4.815220582 56
4.815220582 57
4.82518512 58
4.82518512 59
4.851117209 60
4.851117209 61
4.851117209 62
4.860555652 63
4.860555652 64
4.860555652 65
4.868473497 66
4.868473497 67
4.868473497 68
4.868473497 69
4.873700438 70
4.873700438 71
4.873700438 72
4.877413096 73
4.883218063 74
4.890958823 75
4.893194681 76
4.896401563 77
4.896955177 78
4.896955177 79
4.896955177 80
4.900439729 81
4.900439729 82
4.902648074 83
4.90349504 84
4.90469911 85
4.90469911 86
4.90469911 87
4.906415486 88
4.906950343 89
4.906950343 90
4.906950343 91
4.907734115 92
4.907734115 93
4.908099731 94
4.908569071 95
4.90918084 96
4.909285987 97
4.909337148 98
4.909337148 99
4.909401091 100
4.909488847 101
4.909632481 102
4.909674955 103
4.910083131 104
4.910083131 105
4.910188732 106
4.910188732 107
4.910188732 108
4.910188732 109
4.910188732 110
4.910188732 111
4.910188732 112
4.910188732 113
4.910223827 114
4.910223827 115
4.910223827 116
4.910223827 117
4.910223827 118
4.910223827 119
4.910223827 120
4.910223827 121
4.910228513 122
4.910233062 123
4.910233062 124
4.910233062 125
4.910237241 126
4.910239311 127
4.910241337 128
4.910244658 129
4.910251864 130
4.910251864 131
4.910251864 132
4.910252317 133
4.910253936 134
4.910258544 135
4.910259839 136
4.910261744 137
4.910261744 138
4.910263125 139
4.910263125 140
4.910263125 141
4.910263233 142
4.910263544 143
4.910264237 144
4.910264725 145
4.910264847 146
4.910264847 147
4.910264847 148
4.91026488 149
4.91026488 150
4.910264908 151
4.910264908 152
4.910264954 153
4.910264956 154
4.910264982 155
4.910264982 156
4.910264984 157
4.910265002 158
4.910265033 159
4.910265051 160
4.910265057 161
4.910265072 162
4.910265076 163
4.91026509 164
4.910265112 165
4.91026512 166
4.91026512 167
4.910265122 168
4.910265126 169
4.91026513 170
4.910265135 171
4.910265139 172
4.910265139 173
4.910265144 174
4.910265144 175
4.910265145 176
4.910265147 177
4.910265149 178
4.910265152 179
4.910265152 180
4.910265154 181
4.910265156 182
4.910265158 183
4.910265162 184
4.910265165 185
4.910265167 186
4.910265169 187
4.910265171 188
4.910265173 189
4.910265175 190
4.910265177 191
4.910265179 192
4.910265181 193
4.910265183 194
4.910265186 195
4.910265188 196
4.91026519 197
4.910265192 198
4.910265193 199
4.910265194 200
4.910265195 201
4.910265197 202
4.910265199 203
4.9102652 204
4.910265201 205
4.910265203 206
4.910265204 207
4.910265205 208
4.910265207 209
4.910265208 210
4.910265208 211
4.910265209 212
4.91026521 213
4.910265212 214
4.910265214 215
4.910265215 216
4.910265216 217
4.910265216 218
4.910265216 219
4.910265216 220
4.910265216 221
4.910265216 222
4.910265216 223
4.910265216 224
4.910265216 225
4.910265216 226
4.910265216 227
4.910265216 228
4.910265216 229
4.910265216 230
4.910265216 231
4.910265216 232
4.910265216 233
4.910265216 234
4.910265216 235
4.910265216 236
4.910265216 237
4.910265216 238
4.910265216 239
4.910265216 240
4.910265216 241
4.910265216 242
4.910265216 243
4.910265216 244
4.910265216 245
4.910265216 246
4.910265216 247
4.910265216 248
4.910265216 249
4.910265216 250
4.910265216 251
4.910265216 252
4.910265216 253
4.910265216 254
4.910265216 255
4.910265216 256
4.910265216 257
4.910265216 258
4.910265216 259
4.910265216 260
4.910265216 261
4.910265216 262
4.910265216 263
4.910265216 264
4.910265216 265
4.910265216 266
4.910265216 267
4.910265216 268
4.910265216 269
4.910265216 270
4.910265216 271
4.910265216 272
4.910265216 273
4.910265216 274
4.910265216 275
4.910265216 276
4.910265216 277
4.910265216 278
4.910265216 279
4.910265216 280
4.910265216 281
4.910265216 282
4.910265216 283
4.910265216 284
4.910265216 285
4.910265216 286
4.910265216 287
4.910265216 288
4.910265216 289
4.910265216 290
4.910265216 291
4.910265216 292
4.910265216 293
4.910265216 294
4.910265216 295
4.910265216 296
4.910265216 297
4.910265216 298
4.910265216 299
4.910265216 300
4.910265216 301
4.910265216 302
4.910265216 303
4.910265216 304
4.910265216 305
4.910265216 306
4.910265216 307
4.910265216 308
4.910265216 309
4.910265216 310
4.910265216 311
4.910265216 312
4.910265216 313
4.910265216 314
4.910265216 315
4.910265216 316
4.910265216 317
4.910265216 318
4.910265216 319
4.910265216 320
4.910265216 321
4.910265216 322
4.910265216 323
4.910265216 324
4.910265216 325
4.910265216 326
4.910265216 327
4.910265216 328
4.910265216 329
4.910265216 330
4.910265216 331
4.910265216 332
4.910265216 333
4.910265216 334
4.910265216 335
4.910265216 336
4.910265216 337
4.910265216 338
4.910265216 339
4.910265216 340
4.910265216 341
4.910265216 342
4.910265216 343
4.910265216 344
4.910265216 345
4.910265216 346
4.910265216 347
4.910265216 348
4.910265216 349
4.910265216 350
4.910265216 351
4.910265216 352
4.910265216 353
4.910265216 354
4.910265216 355
4.910265216 356
4.910265216 357
4.910265216 358
4.910265216 359
4.910265216 360
4.910265216 361
4.910265216 362
4.910265216 363
4.910265216 364
4.910265216 365
4.910265216 366
4.910265216 367
4.910265216 368
4.910265216 369
4.910265216 370
4.910265216 371
4.910265216 372
4.910265216 373
4.910265216 374
4.910265216 375
4.910265216 376
4.910265216 377
4.910265216 378
4.910265216 379
4.910265216 380
4.910265216 381
4.910265216 382
4.910265216 383
4.910265216 384
4.910265216 385
4.910265216 386
4.910265216 387
4.910265216 388
4.910265216 389
4.910265216 390
4.910265216 391
4.910265216 392
4.910265216 393
4.910265216 394
4.910265216 395
4.910265216 396
4.910265216 397
4.910265216 398
4.910265216 399
4.910265216 400
4.910265216 401
4.910265216 402
4.910265216 403
4.910265216 404
4.910265216 405
4.910265216 406
4.910265216 407
4.910265216 408
4.910265216 409
4.910265216 410
4.910265216 411
4.910265216 412
4.910265216 413
4.910265216 414
4.910265216 415
4.910265216 416
4.910265216 417
4.910265216 418
4.910265216 419
4.910265216 420
4.910265216 421
4.910265216 422
4.910265216 423
4.910265216 424
4.910265216 425
4.910265216 426
4.910265216 427
4.910265216 428
4.910265216 429
4.910265216 430
4.910265216 431
4.910265216 432
4.910265216 433
4.910265216 434
4.910265216 435
4.910265216 436
4.910265216 437
4.910265216 438
4.910265216 439
4.910265216 440
4.910265216 441
4.910265216 442
4.910265216 443
4.910265216 444
4.910265216 445
4.910265216 446
4.910265216 447
4.910265216 448
4.910265216 449
4.910265216 450
4.910265216 451
4.910265216 452
4.910265216 453
4.910265216 454
4.910265216 455
4.910265216 456
4.910265216 457
4.910265216 458
4.910265216 459
4.910265216 460
4.910265216 461
4.910265216 462
4.910265216 463
4.910265216 464
4.910265216 465
4.910265216 466
4.910265216 467
4.910265216 468
4.910265216 469
4.910265216 470
4.910265216 471
4.910265216 472
4.910265216 473
4.910265216 474
4.910265216 475
4.910265216 476
4.910265216 477
4.910265216 478
4.910265216 479
4.910265216 480
4.910265216 481
4.910265216 482
4.910265216 483
4.910265216 484
4.910265216 485
4.910265216 486
4.910265216 487
4.910265216 488
4.910265216 489
4.910265216 490
4.910265216 491
4.910265216 492
4.910265216 493
4.910265216 494
4.910265216 495
4.910265216 496
4.910265216 497
4.910265216 498
4.910265216 499
4.910265216 500
4.910265216 501
4.910265216 502
4.910265216 503
4.910265216 504
4.910265216 505
4.910265216 506
4.910265216 507
4.910265216 508
4.910265216 509
4.910265216 510
4.910265216 511
4.910265216 512
4.910265216 513
4.910265216 514
4.910265216 515
4.910265216 516
4.910265216 517
4.910265216 518
4.910265216 519
4.910265216 520
4.910265216 521
4.910265216 522
4.910265216 523
4.910265216 524
4.910265216 525
4.910265216 526
4.910265216 527
4.910265216 528
4.910265216 529
4.910265216 530
4.910265216 531
4.910265216 532
4.910265216 533
4.910265216 534
4.910265216 535
4.910265216 536
4.910265216 537
4.910265216 538
4.910265216 539
4.910265216 540
4.910265216 541
4.910265216 542
4.910265216 543
4.910265216 544
4.910265216 545
4.910265216 546
4.910265216 547
4.910265216 548
4.910265216 549
4.910265216 550
4.910265216 551
4.910265216 552
4.910265216 553
4.910265216 554
4.910265216 555
4.910265216 556
4.910265216 557
4.910265216 558
4.910265216 559
4.910265216 560
4.910265216 561
4.910265216 562
4.910265216 563
4.910265216 564
4.910265216 565
4.910265216 566
4.910265216 567
4.910265216 568
4.910265216 569
4.910265216 570
4.910265216 571
4.910265216 572
4.910265216 573
4.910265216 574
4.910265216 575
4.910265216 576
4.910265216 577
4.910265216 578
4.910265216 579
4.910265216 580
4.910265216 581
4.910265216 582
4.910265216 583
4.910265216 584
4.910265216 585
4.910265216 586
4.910265216 587
4.910265216 588
4.910265216 589
4.910265216 590
4.910265216 591
4.910265216 592
4.910265216 593
4.910265216 594
4.910265216 595
4.910265216 596
4.910265216 597
4.910265216 598
4.910265216 599
4.910265216 600
4.910265216 601
4.910265216 602
4.910265216 603
4.910265216 604
4.910265216 605
4.910265216 606
4.910265216 607
4.910265216 608
4.910265216 609
4.910265216 610
4.910265216 611
4.910265216 612
4.910265216 613
4.910265216 614
4.910265216 615
4.910265216 616
4.910265216 617
4.910265216 618
4.910265216 619
4.910265216 620
4.910265216 621
4.910265216 622
4.910265216 623
4.910265216 624
4.910265216 625
4.910265216 626
4.910265216 627
4.910265216 628
4.910265216 629
4.910265216 630
4.910265216 631
4.910265216 632
4.910265216 633
4.910265216 634
4.910265216 635
4.910265216 636
4.910265216 637
4.910265216 638
4.910265216 639
4.910265216 640
4.910265216 641
4.910265216 642
4.910265216 643
4.910265216 644
4.910265216 645
4.910265216 646
4.910265216 647
4.910265216 648
4.910265216 649
4.910265216 650
4.910265216 651
4.910265216 652
4.910265216 653
4.910265216 654
4.910265216 655
4.910265216 656
4.910265216 657
4.910265216 658
4.910265216 659
4.910265216 660
4.910265216 661
4.910265216 662
4.910265216 663
4.910265216 664
4.910265216 665
4.910265216 666
4.910265216 667
4.910265216 668
4.910265216 669
4.910265216 670
4.910265216 671
4.910265216 672
4.910265216 673
4.910265216 674
4.910265216 675
4.910265216 676
4.910265216 677
4.910265216 678
4.910265216 679
4.910265216 680
4.910265216 681
4.910265216 682
4.910265216 683
4.910265216 684
4.910265216 685
4.910265216 686
4.910265216 687
4.910265216 688
4.910265216 689
4.910265216 690
4.910265216 691
4.910265216 692
4.910265216 693
4.910265216 694
4.910265216 695
4.910265216 696
4.910265216 697
4.910265216 698
4.910265216 699
4.910265216 700
4.910265216 701
4.910265216 702
4.910265216 703
4.910265216 704
4.910265216 705
4.910265216 706
4.910265216 707
4.910265216 708
4.910265216 709
4.910265216 710
4.910265216 711
4.910265216 712
4.910265216 713
4.910265216 714
4.910265216 715
4.910265216 716
4.910265216 717
4.910265216 718
4.910265216 719
4.910265216 720
4.910265216 721
4.910265216 722
4.910265216 723
4.910265216 724
4.910265216 725
4.910265216 726
4.910265216 727
4.910265216 728
4.910265216 729
4.910265216 730
4.910265216 731
4.910265216 732
4.910265216 733
4.910265216 734
4.910265216 735
4.910265216 736
4.910265216 737
4.910265216 738
4.910265216 739
4.910265216 740
4.910265216 741
4.910265216 742
4.910265216 743
4.910265216 744
4.910265216 745
4.910265216 746
4.910265216 747
4.910265216 748
4.910265216 749
4.910265216 750
4.910265216 751
4.910265216 752
4.910265216 753
4.910265216 754
4.910265216 755
4.910265216 756
4.910265216 757
4.910265216 758
4.910265216 759
4.910265216 760
4.910265216 761
4.910265216 762
4.910265216 763
4.910265216 764
4.910265216 765
4.910265216 766
4.910265216 767
4.910265216 768
4.910265216 769
4.910265216 770
4.910265216 771
4.910265216 772
4.910265216 773
4.910265216 774
4.910265216 775
4.910265216 776
4.910265216 777
4.910265216 778
4.910265216 779
4.910265216 780
4.910265216 781
4.910265216 782
4.910265216 783
4.910265216 784
4.910265216 785
4.910265216 786
4.910265216 787
4.910265216 788
4.910265216 789
4.910265216 790
4.910265216 791
4.910265216 792
4.910265216 793
4.910265216 794
4.910265216 795
4.910265216 796
4.910265216 797
4.910265216 798
4.910265216 799
4.910265216 800
4.910265216 801
4.910265216 802
4.910265216 803
4.910265216 804
4.910265216 805
4.910265216 806
4.910265216 807
4.910265216 808
4.910265216 809
4.910265216 810
4.910265216 811
4.910265216 812
4.910265216 813
4.910265216 814
4.910265216 815
4.910265216 816
4.910265216 817
4.910265216 818
4.910265216 819
4.910265216 820
4.910265216 821
4.910265216 822
4.910265216 823
4.910265216 824
4.910265216 825
4.910265216 826
4.910265216 827
4.910265216 828
4.910265216 829
4.910265216 830
4.910265216 831
4.910265216 832
4.910265216 833
4.910265216 834
4.910265216 835
4.910265216 836
4.910265216 837
4.910265216 838
4.910265216 839
4.910265216 840
4.910265216 841
4.910265216 842
4.910265216 843
4.910265216 844
4.910265216 845
4.910265216 846
4.910265216 847
4.910265216 848
4.910265216 849
4.910265216 850
4.910265216 851
4.910265216 852
4.910265216 853
4.910265216 854
4.910265216 855
4.910265216 856
4.910265216 857
4.910265216 858
4.910265216 859
4.910265216 860
4.910265216 861
4.910265216 862
4.910265216 863
4.910265216 864
4.910265216 865
4.910265216 866
4.910265216 867
4.910265216 868
4.910265216 869
4.910265216 870
4.910265216 871
4.910265216 872
4.910265216 873
4.910265216 874
4.910265216 875
4.910265216 876
4.910265216 877
4.910265216 878
4.910265216 879
4.910265216 880
4.910265216 881
4.910265216 882
4.910265216 883
4.910265216 884
4.910265216 885
4.910265216 886
4.910265216 887
4.910265216 888
4.910265216 889
4.910265216 890
4.910265216 891
4.910265216 892
4.910265216 893
4.910265216 894
4.910265216 895
4.910265216 896
4.910265216 897
4.910265216 898
4.910265216 899
4.910265216 900
4.910265216 901
4.910265216 902
4.910265216 903
4.910265216 904
4.910265216 905
4.910265216 906
4.910265216 907
4.910265216 908
4.910265216 909
4.910265216 910
4.910265216 911
4.910265216 912
4.910265216 913
4.910265216 914
4.910265216 915
4.910265216 916
4.910265216 917
4.910265216 918
4.910265216 919
4.910265216 920
4.910265216 921
4.910265216 922
4.910265216 923
4.910265216 924
4.910265216 925
4.910265216 926
4.910265216 927
4.910265216 928
4.910265216 929
4.910265216 930
4.910265216 931
4.910265216 932
4.910265216 933
4.910265216 934
4.910265216 935
4.910265216 936
4.910265216 937
4.910265216 938
4.910265216 939
4.910265216 940
4.910265216 941
4.910265216 942
4.910265216 943
4.910265216 944
4.910265216 945
4.910265216 946
4.910265216 947
4.910265216 948
4.910265216 949
4.910265216 950
4.910265216 951
4.910265216 952
4.910265216 953
4.910265216 954
4.910265216 955
4.910265216 956
4.910265216 957
4.910265216 958
4.910265216 959
4.910265216 960
4.910265216 961
4.910265216 962
4.910265216 963
4.910265216 964
4.910265216 965
4.910265216 966
4.910265216 967
4.910265216 968
4.910265216 969
4.910265216 970
4.910265216 971
4.910265216 972
4.910265216 973
4.910265216 974
4.910265216 975
4.910265216 976
4.910265216 977
4.910265216 978
4.910265216 979
4.910265216 980
4.910265216 981
4.910265216 982
4.910265216 983
4.910265216 984
4.910265216 985
4.910265216 986
4.910265216 987
4.910265216 988
4.910265216 989
4.910265216 990
4.910265216 991
4.910265216 992
4.910265216 993
4.910265216 994
4.910265216 995
4.910265216 996
4.910265216 997
4.910265216 998
4.910265216 999
4.910265216 1000
4.910265216 1001
