-43.53787619 1
-19.73532677 2
-7.482680136 3
-7.482680136 4
-7.482680136 5
-7.482680136 6
-7.482680136 7
-7.482680136 8
-7.482680136 9
-7.482680136 10
-7.482680136 11
-7.482680136 12
-6.035753131 13
-6.035753131 14
-6.035753131 15
-6.035753131 16
-6.035753131 17
-6.035753131 18
-6.035753131 19
-4.045043792 20
-4.045043792 21
2.481664899 22
2.481664899 23
4.678262064 24
4.678262064 25
4.678262064 26
4.678262064 27
4.678262064 28
4.678262064 29
4.678262064 30
4.678262064 31
4.678262064 32
4.678262064 33
4.678262064 34
8.854184032 35
8.854184032 36
8.854184032 37
8.854184032 38
8.854184032 39
8.854184032 40
8.854184032 41
8.854184032 42
8.854184032 43
8.854184032 44
8.854184032 45
8.854184032 46
8.854184032 47
8.854184032 48
8.854184032 49
8.854184032 50
9.162806681 51
9.162806681 52
9.162806681 53
10.77894192 54
10.77894192 55
10.77894192 56
10.77894192 57
10.77894192 58
10.77894192 59
10.77894192 60
10.77894192 61
10.77894192 62
10.77894192 63
10.77894192 64
10.77894192 65
10.77894192 66
10.77894192 67
11.07442974 68
11.07442974 69
11.07442974 70
11.07442974 71
11.07442974 72
11.07442974 73
11.09211174 74
11.09211174 75
11.09211174 76
11.15827001 77
11.17093383 78
11.17093383 79
11.39111413 80
11.39111413 81
11.39111413 82
11.39111413 83
11.39111413 84
11.39111413 85
11.39111413 86
11.39111413 87
11.39111413 88
11.39111413 89
11.42242335 90
11.42242335 91
11.42242335 92
11.42242335 93
11.42242335 94
11.42242335 95
11.44707022 96
11.44707022 97
11.44707022 98
11.44707022 99
11.44707022 100
11.44707022 101
11.44707022 102
11.44707022 103
11.46075103 104
11.46075103 105
11.46075103 106
11.46293977 107
11.46293977 108
11.46293977 109
11.46293977 110
11.48201093 111
11.48201093 112
11.48201093 113
11.48201093 114
11.53449374 115
11.53449374 116
11.53449374 117
11.54308362 118
11.54308362 119
11.54308362 120
11.5558993 121
11.5558993 122
11.5558993 123
11.5558993 124
11.5558993 125
11.5558993 126
11.5558993 127
11.5678227 128
11.57547423 129
11.57547423 130
11.57547423 131
11.57547423 132
11.57547423 133
11.57547423 134
11.57547423 135
11.57955732 136
11.57955732 137
11.57955732 138
11.57955732 139
11.58587767 140
11.58587767 141
11.58587767 142
11.58587767 143
11.58689159 144
11.58783475 145
11.59116075 146
11.59116075 147
11.59116075 148
11.59142253 149
11.59142253 150
11.59142253 151
11.59142253 152
11.59142253 153
11.59142253 154
11.59142253 155
11.59142253 156
11.59142253 157
11.59142253 158
11.59142253 159
11.59142253 160
11.59142253 161
11.59142253 162
11.59142253 163
11.59142253 164
11.59142253 165
11.59142253 166
11.59142253 167
11.59198145 168
11.59198145 169
12.02182239 170
12.03015512 171
12.03015512 172
12.03015512 173
12.03015512 174
12.03015512 175
12.03015512 176
12.03015512 177
12.03015512 178
12.03015512 179
12.03015512 180
12.03015512 181
12.03015512 182
12.03015512 183
12.03015512 184
12.03015512 185
12.03015512 186
12.03015512 187
12.03015512 188
12.03015512 189
12.03015512 190
12.03015512 191
12.03015512 192
12.03015512 193
12.03015512 194
12.03015512 195
12.03015512 196
12.03015512 197
12.03015512 198
12.03015512 199
12.03015512 200
12.03015512 201
12.03015512 202
12.03015512 203
12.03015512 204
12.03015512 205
12.03015512 206
12.03015512 207
12.03015512 208
12.03015512 209
12.03015512 210
12.0720431 211
12.13127391 212
12.24913467 213
12.35126707 214
12.35126707 215
12.35126707 216
12.41598095 217
12.41598095 218
12.41598095 219
12.41598095 220
12.42122851 221
12.42122851 222
12.42446367 223
12.42863469 224
12.43032241 225
12.43097869 226
12.43593232 227
12.44432077 228
12.46861718 229
12.49026673 230
12.51953218 231
12.52865351 232
12.52865351 233
12.52865351 234
12.52865351 235
12.53339169 236
12.53339169 237
12.53631835 238
12.53631835 239
12.5369288 240
12.5369288 241
12.53929335 242
12.53929335 243
12.53929335 244
12.53959002 245
12.54549094 246
12.54785708 247
12.54785708 248
12.54785708 249
12.54785708 250
12.54785708 251
12.54785708 252
12.54785708 253
12.54785708 254
12.54785708 255
12.54785708 256
12.54785708 257
12.54853239 258
12.54853239 259
12.54853239 260
12.54853239 261
12.54853239 262
12.54853239 263
12.54879864 264
12.54892853 265
12.54892853 266
12.54945921 267
12.54965159 268
12.54965159 269
12.54965159 270
12.55008957 271
12.55008957 272
12.55008957 273
12.55008957 274
12.55008957 275
12.5501038 276
12.5501038 277
12.5501038 278
12.5501038 279
12.55036824 280
12.55045185 281
12.55045185 282
12.55045185 283
12.55045185 284
12.55045185 285
12.55056832 286
12.55057704 287
12.55057704 288
12.55066001 289
12.55066001 290
12.55066001 291
12.55066001 292
12.55066001 293
12.55066001 294
12.55066001 295
12.55066001 296
12.55066001 297
12.55066001 298
12.55066001 299
12.55066001 300
12.55066001 301
12.55066001 302
12.55066001 303
12.55066001 304
12.55066001 305
12.55066001 306
12.55066001 307
12.55066001 308
12.55075638 309
12.55075638 310
12.55075638 311
12.55075638 312
12.55075638 313
12.55075638 314
12.55075638 315
12.55075638 316
12.55075638 317
12.55075638 318
12.55075638 319
12.55075638 320
12.55075638 321
12.55075638 322
12.55075638 323
12.55075638 324
12.55075638 325
12.55075638 326
12.55075638 327
12.55075638 328
12.55075638 329
12.55075638 330
12.55075638 331
12.55075638 332
12.55075638 333
12.55075638 334
12.55075638 335
12.55075638 336
12.55075638 337
12.55075638 338
12.55075638 339
12.55075638 340
12.55075638 341
12.55075638 342
12.55075638 343
12.55075638 344
12.55075638 345
12.55075638 346
12.55075638 347
12.55075638 348
12.55075638 349
12.55075638 350
12.55075638 351
12.55075638 352
12.55075638 353
12.55075638 354
12.55075638 355
12.55075638 356
12.55075638 357
12.55075638 358
12.55075638 359
12.55075638 360
12.55075638 361
12.55075638 362
12.55075638 363
12.55075638 364
12.55075638 365
12.55075638 366
12.55075638 367
12.55075638 368
12.55075638 369
12.55075638 370
12.55075638 371
12.55075638 372
12.55075638 373
12.55075638 374
12.55075638 375
12.55075638 376
12.55075638 377
12.55075638 378
12.55075638 379
12.55075638 380
12.55075638 381
12.55075638 382
12.55075638 383
12.55075638 384
12.55075638 385
12.55075638 386
12.55075638 387
12.55075638 388
12.55075638 389
12.55075638 390
12.55075638 391
12.55075638 392
12.55075638 393
12.55075638 394
12.55075638 395
12.55075638 396
12.55075638 397
12.55075638 398
12.55075638 399
12.55075638 400
12.55075638 401
12.55075638 402
12.55075638 403
12.55075638 404
12.55075638 405
12.55075638 406
12.55075638 407
12.55075638 408
12.55075638 409
12.55075638 410
12.55075638 411
12.55075638 412
12.55075638 413
12.55075638 414
12.55075638 415
12.55075638 416
12.55075638 417
12.55075638 418
12.55075638 419
12.55075638 420
12.55075638 421
12.55075638 422
12.55075638 423
12.55075638 424
12.55075638 425
12.55075638 426
12.55075638 427
12.55075638 428
12.55075638 429
12.70543471 430
12.70543471 431
12.70543471 432
12.70543471 433
12.70543471 434
12.70543471 435
12.70543471 436
12.70543471 437
12.70543471 438
12.70543471 439
12.70543471 440
12.70543471 441
12.70543471 442
12.70543471 443
12.70543471 444
12.70543471 445
12.70543471 446
12.70543471 447
12.70543471 448
12.70543471 449
12.70543471 450
12.70543471 451
12.70543471 452
12.70543471 453
12.70543471 454
12.70543471 455
12.70550701 456
12.70550701 457
12.70693408 458
12.71008778 459
12.71918458 460
12.72240574 461
12.74236838 462
12.75401072 463
12.75707013 464
12.76149751 465
12.76149751 466
12.76516634 467
12.77303561 468
12.77472132 469
12.7802834 470
12.7802834 471
12.78790612 472
12.78790612 473
12.78790612 474
12.78790612 475
12.78918673 476
12.79107109 477
12.79244276 478
12.79283504 479
12.79283504 480
12.79283504 481
12.79283504 482
12.79283504 483
12.79283504 484
12.79283504 485
12.79283504 486
12.79283504 487
12.79283504 488
12.79283504 489
12.79283504 490
12.79283504 491
12.79283504 492
12.79283504 493
12.79283504 494
12.79283504 495
12.79283504 496
12.79283504 497
12.79283504 498
12.79283504 499
12.79283504 500
12.79283504 501
12.79283504 502
12.79283504 503
12.79283504 504
12.79283504 505
12.79283504 506
12.79283504 507
12.79283504 508
12.79283504 509
12.79283504 510
12.79283504 511
12.79283504 512
12.79283504 513
12.79283504 514
12.79453668 515
12.80950326 516
12.82782316 517
12.86469888 518
12.87535118 519
12.87535118 520
12.87683807 521
12.87683807 522
12.87683807 523
12.87683807 524
12.87683807 525
12.87683807 526
12.87683807 527
12.87683807 528
12.87683807 529
12.87808625 530
12.87808625 531
12.87813344 532
12.8784321 533
12.8784321 534
12.878737 535
12.878737 536
12.87892517 537
12.87915096 538
12.87931821 539
12.87931821 540
12.879408 541
12.879408 542
12.8797603 543
12.8797603 544
12.8797603 545
12.8797603 546
12.8797603 547
12.8797603 548
12.8797603 549
12.8797603 550
12.8797603 551
12.8797603 552
12.8797603 553
12.8797603 554
12.8797603 555
12.8797603 556
12.8797603 557
12.8797603 558
12.87977853 559
12.87977853 560
12.87977853 561
12.87979433 562
12.87979973 563
12.87979973 564
12.87979973 565
12.87980003 566
12.87980003 567
12.87980003 568
12.87980003 569
12.87980003 570
12.87980003 571
12.87980003 572
12.87980003 573
12.87980003 574
12.87980003 575
12.87980003 576
12.87984819 577
12.87997095 578
12.88002336 579
12.88002336 580
12.88002336 581
12.88002336 582
12.88002336 583
12.88002336 584
12.88002336 585
12.88002336 586
12.88002336 587
12.88002336 588
12.88024748 589
12.88024748 590
12.88024748 591
12.88024748 592
12.88024748 593
12.88037455 594
12.88037455 595
12.88037455 596
12.88054637 597
12.8808974 598
12.8808974 599
12.8808974 600
12.8808974 601
12.8808974 602
12.8808974 603
12.8808974 604
12.8808974 605
12.8808974 606
12.8808974 607
12.8808974 608
12.8808974 609
12.8808974 610
12.8808974 611
12.8808974 612
12.8808974 613
12.8808974 614
12.8808974 615
12.8808974 616
12.8808974 617
12.8808974 618
12.8808974 619
12.8808974 620
12.8808974 621
12.8808974 622
12.8808974 623
12.8808974 624
12.8808974 625
12.8808974 626
12.8808974 627
12.8808974 628
12.8808974 629
12.8808974 630
12.8808974 631
12.8808974 632
12.8808974 633
12.8808974 634
12.8808974 635
12.8808974 636
12.8808974 637
12.8808974 638
12.8808974 639
12.8808974 640
12.8808974 641
12.8809465 642
12.8809465 643
12.8809465 644
12.8809465 645
12.8809465 646
12.8809465 647
12.88095492 648
12.88095492 649
12.88095492 650
12.88095492 651
12.88095492 652
12.88095492 653
12.88095492 654
12.88095492 655
12.88095492 656
12.88095492 657
12.88095492 658
12.88095492 659
12.88095492 660
12.88095492 661
12.88095492 662
12.88095492 663
12.88095492 664
12.88095492 665
12.88095492 666
12.88095492 667
12.88095492 668
12.88095492 669
12.88095492 670
12.88095492 671
12.88095492 672
12.88095492 673
12.88095492 674
12.88095492 675
12.88095492 676
12.88095492 677
12.88095492 678
12.88095492 679
12.88095492 680
12.88095492 681
12.88095492 682
12.88095492 683
12.88095492 684
12.88095492 685
12.88095492 686
12.88095492 687
12.88095492 688
12.88095492 689
12.88095492 690
12.88095492 691
12.88095492 692
12.88095492 693
12.88095492 694
12.88095492 695
12.88095492 696
12.88095492 697
12.88095492 698
12.88095492 699
12.88095492 700
12.88095492 701
12.88095492 702
12.88095492 703
12.88095492 704
12.88095492 705
12.88095492 706
12.88095492 707
12.88095492 708
12.88095492 709
12.88095492 710
12.88095492 711
12.8809905 712
12.8809905 713
12.8809905 714
12.88100198 715
12.88100232 716
12.88100875 717
12.88101032 718
12.88101379 719
12.88101379 720
12.88101379 721
12.88101379 722
12.88101379 723
12.88101379 724
12.88101379 725
12.88101379 726
12.88101379 727
12.88101379 728
12.88101379 729
12.9043061 730
12.90587766 731
12.90596403 732
12.90596403 733
12.90596403 734
12.90596403 735
12.90596403 736
12.90596403 737
12.90596403 738
12.90596403 739
12.90596403 740
12.90596403 741
12.90596403 742
12.90596403 743
12.90830732 744
12.90830732 745
12.91069813 746
12.91069813 747
12.91094239 748
12.91125357 749
12.91125357 750
12.91125357 751
12.91125357 752
12.92066679 753
12.92066679 754
12.92066679 755
12.92114679 756
12.92114679 757
12.92114679 758
12.92114679 759
12.92140334 760
12.92156631 761
12.92158013 762
12.92158358 763
12.92160303 764
12.92160648 765
12.92160693 766
12.921611 767
12.92161387 768
12.92161626 769
12.92161626 770
12.92161626 771
12.92161626 772
12.92161626 773
12.92161626 774
12.92161626 775
12.92161626 776
12.92161626 777
12.92161626 778
12.92161626 779
12.92161626 780
12.92161626 781
12.92161626 782
12.92161626 783
12.92161626 784
12.92161626 785
12.92161626 786
12.92161626 787
12.92161626 788
12.92161626 789
12.92161626 790
12.92161626 791
12.92161626 792
12.92161626 793
12.92161626 794
12.92161626 795
12.92161626 796
12.92161626 797
12.92161626 798
12.92168857 799
12.92168857 800
12.92168857 801
12.92168857 802
12.9217457 803
12.92175983 804
12.92175983 805
12.92175983 806
12.92176271 807
12.92176402 808
12.92176472 809
12.92176472 810
12.92176472 811
12.92176472 812
12.92176472 813
12.92176472 814
12.92176472 815
12.92176472 816
12.92176472 817
12.92176472 818
12.92181695 819
12.92181695 820
12.92181695 821
12.92181695 822
12.92181695 823
12.92181695 824
12.92181695 825
12.92181695 826
12.92181695 827
12.92181695 828
12.92181695 829
12.92181695 830
12.92181695 831
12.92181695 832
12.92181695 833
12.92181695 834
12.92181695 835
12.92181695 836
12.92181695 837
12.92181695 838
12.92181695 839
12.92181695 840
12.92181695 841
12.92181695 842
12.92181695 843
12.92181695 844
12.92181695 845
12.92181695 846
12.92181695 847
12.92181695 848
12.92181695 849
12.92181695 850
12.92181695 851
12.92181695 852
12.92181695 853
12.92181695 854
12.92181695 855
12.92181695 856
12.92181695 857
12.92181695 858
12.92181695 859
12.94664283 860
12.94750567 861
12.94750567 862
12.94750567 863
12.94750567 864
12.94750567 865
12.94750567 866
12.94750567 867
12.94750567 868
12.94750567 869
12.94750567 870
12.94839552 871
12.94964459 872
12.9505325 873
12.9505325 874
12.9505325 875
12.95058879 876
12.95061596 877
12.95062244 878
12.95093569 879
12.95102484 880
12.95104065 881
12.95104409 882
12.95104488 883
12.95104507 884
12.95104511 885
12.95117921 886
12.95122749 887
12.95122749 888
12.95123039 889
12.95123039 890
12.95123039 891
12.95123039 892
12.95123039 893
12.95123039 894
12.95165739 895
12.95182361 896
12.95186127 897
12.95186978 898
12.95187169 899
12.95187169 900
12.95187169 901
12.95187169 902
12.95187169 903
12.95187169 904
12.95187169 905
12.95187169 906
12.95187444 907
12.95188278 908
12.95188278 909
12.95188278 910
12.95188278 911
12.95188278 912
12.95188278 913
12.95188278 914
12.95188278 915
12.95188278 916
12.95188278 917
12.95188278 918
12.95188278 919
12.95188278 920
12.95188278 921
12.95188278 922
12.95188278 923
12.95188278 924
12.95188278 925
12.95188278 926
12.95197094 927
12.95201576 928
12.95220284 929
12.95220284 930
12.95220284 931
12.95222186 932
12.95224622 933
12.95224622 934
12.95224964 935
12.95225518 936
12.95225928 937
12.95226718 938
12.95226797 939
12.95226797 940
12.95226797 941
12.95226797 942
12.95226797 943
12.95226797 944
12.95226797 945
12.95226797 946
12.95226797 947
12.95226797 948
12.95226846 949
12.95226846 950
12.95226846 951
12.95226846 952
12.95226846 953
12.95226846 954
12.95226846 955
12.95226846 956
12.95226846 957
12.95226846 958
12.95226846 959
12.95226846 960
12.95226979 961
12.95226979 962
12.95226979 963
12.95226985 964
12.95226985 965
12.95226987 966
12.95226987 967
12.95226987 968
12.95226987 969
12.95226987 970
12.95226987 971
12.95226987 972
12.95226987 973
12.95226987 974
12.95226987 975
12.95226987 976
12.95228099 977
12.95228195 978
12.95228195 979
12.95228195 980
12.95228195 981
12.95228195 982
12.95228195 983
12.95228195 984
12.95228195 985
12.95228195 986
12.95228195 987
12.95228195 988
12.95228195 989
12.95228195 990
12.95228195 991
12.95228195 992
12.95228195 993
12.95228195 994
12.95228195 995
12.95228195 996
12.95228195 997
12.95228197 998
12.95228197 999
12.95228197 1000