-51.15704945 1
-28.04455502 2
-7.975192132 3
-7.975192132 4
-7.975192132 5
-7.975192132 6
-7.975192132 7
-7.975192132 8
-7.975192132 9
-7.103773431 10
-7.103773431 11
-7.103773431 12
-7.103773431 13
-7.103773431 14
-7.103773431 15
-7.103773431 16
-7.103773431 17
-7.103773431 18
-7.103773431 19
-4.864983022 20
-3.021664662 21
-3.021664662 22
-3.021664662 23
-3.021664662 24
0.6772373732 25
0.6772373732 26
0.6772373732 27
0.6772373732 28
0.6772373732 29
0.6772373732 30
0.6772373732 31
0.6772373732 32
0.6772373732 33
0.6772373732 34
0.6772373732 35
0.6772373732 36
0.6772373732 37
0.6772373732 38
0.6772373732 39
0.6772373732 40
0.6772373732 41
0.6772373732 42
0.8189534807 43
1.651888857 44
1.651888857 45
1.876166089 46
1.876166089 47
1.876166089 48
1.876166089 49
1.876166089 50
1.876166089 51
2.152951116 52
2.152951116 53
2.152951116 54
2.152951116 55
2.219761871 56
2.219761871 57
2.219761871 58
2.277231239 59
2.277231239 60
2.277231239 61
2.277231239 62
2.277231239 63
2.277231239 64
2.277231239 65
2.277231239 66
2.277231239 67
2.277231239 68
2.388882485 69
2.904486293 70
2.904486293 71
2.904486293 72
2.958784143 73
2.958784143 74
2.958784143 75
2.958784143 76
2.958784143 77
2.958784143 78
2.958784143 79
2.958784143 80
3.007147921 81
3.007147921 82
3.007147921 83
3.007147921 84
3.007147921 85
3.007147921 86
3.073153423 87
3.073153423 88
3.073153423 89
3.073153423 90
3.073153423 91
3.073153423 92
3.073153423 93
3.119670758 94
3.119670758 95
3.119670758 96
3.119670758 97
3.119670758 98
3.119670758 99
3.119670758 100
3.119670758 101
3.119670758 102
3.217855175 103
3.217855175 104
3.217855175 105
3.217855175 106
3.217855175 107
3.217855175 108
3.217855175 109
3.217855175 110
3.217855175 111
3.217855175 112
3.217855175 113
3.222911282 114
3.222911282 115
3.222911282 116
3.222911282 117
3.222911282 118
3.222911282 119
3.222911282 120
3.222911282 121
3.222911282 122
3.222911282 123
3.222911282 124
3.222911282 125
3.222911282 126
3.222911282 127
3.222911282 128
3.222911282 129
3.222911282 130
3.222911282 131
3.222911282 132
3.223997677 133
3.223997677 134
3.223997677 135
3.223997677 136
3.223997677 137
3.223997677 138
3.223997677 139
3.223997677 140
3.223997677 141
3.223997677 142
3.223997677 143
3.223997677 144
3.223997677 145
3.223997677 146
3.223997677 147
3.223997677 148
3.223997677 149
3.223997677 150
3.224295696 151
3.224295696 152
3.224295696 153
3.224295696 154
3.224295696 155
3.224988318 156
3.226265174 157
3.227157 158
3.227779614 159
3.227779614 160
3.227779614 161
3.227779614 162
3.227779614 163
3.227779614 164
3.227779614 165
3.227779614 166
3.227779614 167
3.228404792 168
3.228404792 169
3.228404792 170
3.228404792 171
3.228404792 172
3.228404792 173
3.228404792 174
3.228404792 175
3.228404792 176
3.228404792 177
3.228404792 178
3.228404792 179
3.228404792 180
3.228404792 181
3.228404792 182
3.228404792 183
3.228404792 184
3.228404792 185
3.228404792 186
3.228404792 187
3.228404792 188
3.228404792 189
3.228404792 190
3.228404792 191
3.228404792 192
3.228404792 193
3.228404792 194
3.228404792 195
3.228404792 196
3.228404792 197
3.228404792 198
3.228404792 199
3.228404792 200
3.228404792 201
3.228404792 202
3.228404792 203
3.228404792 204
3.228404792 205
3.228404792 206
3.228404792 207
3.228404792 208
3.228404792 209
3.349612393 210
3.393258657 211
3.418961688 212
3.434584701 213
3.444317498 214
3.450492198 215
3.496892809 216
3.496892809 217
3.496892809 218
3.53037548 219
3.53037548 220
3.53037548 221
3.53037548 222
3.53037548 223
3.53037548 224
3.53037548 225
3.53037548 226
3.53037548 227
3.562171622 228
3.562171622 229
3.589664916 230
3.612388606 231
3.612388606 232
3.612388606 233
3.616985287 234
3.616985287 235
3.616985287 236
3.616985287 237
3.620240144 238
3.620240144 239
3.621853338 240
3.621853338 241
3.621853338 242
3.621853338 243
3.621853338 244
3.623307594 245
3.623307594 246
3.625401809 247
3.625401809 248
3.625401809 249
3.625401809 250
3.625401809 251
3.635208379 252
3.635208379 253
3.635208379 254
3.635208379 255
3.635208379 256
3.638666199 257
3.638856394 258
3.640290473 259
3.640290473 260
3.640290473 261
3.640290473 262
3.640290473 263
3.640290473 264
3.640290473 265
3.640290473 266
3.640290473 267
3.640290473 268
3.640686073 269
3.641737685 270
3.641891219 271
3.641891219 272
3.642724522 273
3.642724522 274
3.642724522 275
3.642724522 276
3.64304426 277
3.64304426 278
3.643238801 279
4.194411491 280
4.194411491 281
4.194411491 282
4.194411491 283
4.194411491 284
4.194411491 285
4.194411491 286
4.194411491 287
4.194411491 288
4.194411491 289
4.194411491 290
4.194411491 291
4.194411491 292
4.194411491 293
4.194411491 294
4.194411491 295
4.194411491 296
4.194411491 297
4.194411491 298
4.194411491 299
4.293654463 300
4.293654463 301
4.311085728 302
4.311085728 303
4.311085728 304
4.398396278 305
4.398396278 306
4.45551969 307
4.535144905 308
4.535144905 309
4.564186461 310
4.564186461 311
4.564186461 312
4.564186461 313
4.568645935 314
4.568645935 315
4.604608926 316
4.604608926 317
4.604608926 318
4.604608926 319
4.608396162 320
4.608396162 321
4.608396162 322
4.608396162 323
4.626180151 324
4.626180151 325
4.626180151 326
4.626180151 327
4.631831073 328
4.639624091 329
4.64276657 330
4.64276657 331
4.64276657 332
4.64276657 333
4.64276657 334
4.642969847 335
4.643474247 336
4.643768357 337
4.643939888 338
4.645882374 339
4.645882374 340
4.645882374 341
4.645882374 342
4.645882374 343
4.6461866 344
4.6461866 345
4.6461866 346
4.6461866 347
4.6461866 348
4.646222067 349
4.646222067 350
4.646222067 351
4.646222067 352
4.646222067 353
4.646222067 354
4.646222067 355
4.646222067 356
4.646222067 357
4.646222067 358
4.646222067 359
4.646222067 360
4.646222067 361
4.646222067 362
4.646222067 363
4.646222067 364
4.646222067 365
4.646222067 366
4.646222067 367
4.646222067 368
4.646222067 369
4.646222067 370
4.646222067 371
4.646222067 372
4.646222067 373
4.646222067 374
4.646222067 375
4.646222067 376
4.646222067 377
4.646222067 378
4.646222067 379
4.646222067 380
4.646222067 381
4.646222067 382
4.646222067 383
4.646222067 384
4.646222067 385
4.646222067 386
4.646222067 387
4.646222067 388
4.646222067 389
4.646222067 390
4.653918969 391
4.653918969 392
4.653918969 393
4.653918969 394
4.653918969 395
4.653918969 396
4.655415416 397
4.655415416 398
4.655415416 399
4.655415484 400
4.655884544 401
4.656133167 402
4.656266258 403
4.656337863 404
4.656364435 405
4.65637816 406
4.65638556 407
4.656389548 408
4.656391697 409
4.656391697 410
4.656391697 411
4.65646087 412
4.656463933 413
4.656463933 414
4.65648229 415
4.656498736 416
4.656507512 417
4.656512191 418
4.656514682 419
4.656514682 420
4.656514682 421
4.656514682 422
4.656514682 423
4.656514682 424
4.656514682 425
4.656514682 426
4.656514682 427
4.656711717 428
4.656711717 429
4.656711717 430
4.656711717 431
4.656711717 432
4.656711717 433
4.656711717 434
4.656711717 435
4.656711717 436
4.656711717 437
4.656711717 438
4.656711717 439
4.656711717 440
4.656711717 441
4.656711717 442
4.656711717 443
4.656711717 444
4.656711717 445
4.656711717 446
4.656711717 447
4.656711717 448
4.656711717 449
4.656711717 450
4.656711717 451
4.656711717 452
4.656711717 453
4.656711717 454
4.656711717 455
4.656995227 456
4.656995227 457
4.657045638 458
4.657045638 459
4.657045638 460
4.657045638 461
4.657045638 462
4.657045638 463
4.657045638 464
4.657045638 465
4.657045638 466
4.657045638 467
4.657045638 468
4.657045638 469
4.657045638 470
4.657045638 471
4.657045638 472
4.657045638 473
4.657045638 474
4.657045638 475
4.657045638 476
4.657045638 477
4.657045638 478
4.657045638 479
4.657045638 480
4.657045638 481
4.657045638 482
4.657045638 483
4.657045638 484
4.657045638 485
4.657045638 486
4.657045638 487
4.657045638 488
4.657045638 489
4.657045638 490
4.657045638 491
4.657045638 492
4.657045638 493
4.657045638 494
4.657045638 495
4.657045638 496
4.657045638 497
4.657045638 498
4.657045638 499
4.657045638 500
4.657045638 501
4.657045638 502
4.657045638 503
4.657045638 504
4.657045638 505
4.657045638 506
4.657045638 507
4.657045638 508
4.657045638 509
4.657045638 510
4.657045638 511
4.657045638 512
4.657045638 513
4.657045638 514
4.657045638 515
4.657045638 516
4.657045638 517
4.657499688 518
4.657499688 519
4.657499688 520
4.657499688 521
4.657499688 522
4.657499688 523
4.657499688 524
4.657499688 525
4.657499688 526
4.657499688 527
4.657538309 528
4.657538309 529
4.657538309 530
4.657538309 531
4.657538309 532
4.657538309 533
4.657538309 534
4.657538309 535
4.657538309 536
4.657538309 537
4.657538309 538
4.657538309 539
4.657538309 540
4.657538309 541
4.657538309 542
4.657538309 543
4.657538309 544
4.657538309 545
4.657538309 546
4.657538309 547
4.657538309 548
4.657538309 549
4.657538309 550
4.657538309 551
4.657538309 552
4.657538309 553
4.657538309 554
4.657538309 555
4.657538309 556
4.657538309 557
4.657538309 558
4.657538309 559
4.657538309 560
4.657538309 561
4.657538309 562
4.657538309 563
4.657538309 564
4.657538309 565
4.657538309 566
4.657538309 567
4.657538309 568
4.657538309 569
4.657538309 570
4.657538309 571
4.657538309 572
4.657538309 573
4.657538309 574
4.657538309 575
4.657538309 576
4.657538309 577
4.657538309 578
4.657538309 579
4.657538309 580
4.657538309 581
4.657538309 582
4.657538309 583
4.657538309 584
4.657538309 585
4.657538309 586
4.657538309 587
4.657538309 588
4.657538309 589
4.657538309 590
4.657538309 591
4.657538309 592
4.657538309 593
4.657538309 594
4.657538309 595
4.657538309 596
4.657538309 597
4.657538309 598
4.657538309 599
4.657538309 600
4.657538309 601
4.657538309 602
4.657538309 603
4.657538309 604
4.657538309 605
4.657538309 606
4.657538309 607
4.657538309 608
4.657538309 609
4.657538309 610
4.657538309 611
4.657538309 612
4.657538309 613
4.657538309 614
4.657538309 615
4.657538309 616
4.657538309 617
4.657538309 618
4.657538309 619
4.657538309 620
4.657538309 621
4.657538309 622
4.657538309 623
4.657538309 624
4.657538309 625
4.657538309 626
4.657538309 627
4.657538309 628
4.657556869 629
4.657556869 630
4.657556869 631
4.657556869 632
4.657556869 633
4.657556869 634
4.657556869 635
4.657556869 636
4.657556869 637
4.657556869 638
4.657556869 639
4.657556869 640
4.657556869 641
4.657556869 642
4.657556869 643
4.657556869 644
4.657556869 645
4.657556869 646
4.657556869 647
4.657556869 648
4.657650829 649
4.657650829 650
4.657650829 651
4.657650829 652
4.657650829 653
4.657650829 654
4.657650829 655
4.657650829 656
4.657650829 657
4.657650829 658
4.657656003 659
4.657656003 660
4.657656003 661
4.657656003 662
4.657656003 663
4.657656003 664
4.657656003 665
4.657656003 666
4.657656003 667
4.657656003 668
4.657656003 669
4.657656003 670
4.657656003 671
4.657656003 672
4.657656003 673
4.657656003 674
4.657656003 675
4.657656003 676
4.657656003 677
4.657656003 678
4.657656003 679
4.657656003 680
4.657656003 681
4.657656003 682
4.657656003 683
4.657656003 684
4.657656003 685
4.657656003 686
4.657656003 687
4.657656003 688
4.657656003 689
4.657656003 690
4.657656003 691
4.657656003 692
4.657656003 693
4.657656003 694
4.657656003 695
4.657656003 696
4.657656003 697
4.657656003 698
4.657656003 699
4.657656003 700
4.657656003 701
4.657656003 702
4.657656003 703
4.657656003 704
4.657656003 705
4.657656003 706
4.657656003 707
4.657656003 708
4.657656003 709
4.657656003 710
4.657656003 711
4.657656003 712
4.657656003 713
4.657656003 714
4.657656003 715
4.657656003 716
4.657656003 717
4.657656003 718
4.657656003 719
4.657656003 720
4.657656003 721
4.657656003 722
4.657656003 723
4.657656003 724
4.657656003 725
4.657656003 726
4.657656003 727
4.657656003 728
4.657656003 729
4.657656003 730
4.657656003 731
4.657656003 732
4.657656003 733
4.657656003 734
4.657656003 735
4.657656003 736
4.657656003 737
4.657656003 738
4.657656003 739
4.657656003 740
4.657656003 741
4.657656003 742
4.657656003 743
4.657656003 744
4.657656003 745
4.657656003 746
4.657656003 747
4.657656003 748
4.657656003 749
4.657656003 750
4.657656003 751
4.657656003 752
4.657656003 753
4.657656003 754
4.657656003 755
4.657656003 756
4.657656003 757
4.657656003 758
4.657656003 759
4.657656003 760
4.657656003 761
4.657656003 762
4.657656003 763
4.657656003 764
4.657656003 765
4.657656003 766
4.657656003 767
4.657656003 768
4.657656003 769
4.663428701 770
4.663428701 771
4.663428701 772
4.663428701 773
4.663428701 774
4.663428701 775
4.663428701 776
4.663428701 777
4.663428701 778
4.663428701 779
4.663428701 780
4.663428701 781
4.663428701 782
4.663428701 783
4.663428701 784
4.663860322 785
4.666014779 786
4.666277982 787
4.666997935 788
4.666997935 789
4.666997935 790
4.666997935 791
4.666997935 792
4.666997935 793
4.666997935 794
4.666997935 795
4.666997935 796
4.666997935 797
4.666997935 798
4.666997935 799
4.666997935 800
4.666997935 801
4.666997935 802
4.666997935 803
4.666997935 804
4.666997935 805
4.666997935 806
4.666997935 807
4.666997935 808
4.666997935 809
4.666997935 810
4.666997935 811
4.667051224 812
4.667051224 813
4.667051224 814
4.667051224 815
4.667051224 816
4.667051224 817
4.667051224 818
4.667052834 819
4.667052834 820
4.667052834 821
4.667052834 822
4.667052834 823
4.667052834 824
4.667052834 825
4.667054314 826
4.667054314 827
4.667054314 828
4.667093052 829
4.667093052 830
4.667093052 831
4.667093052 832
4.667093052 833
4.667093052 834
4.667093052 835
4.667093052 836
4.667093052 837
4.667093052 838
4.667093052 839
4.667093052 840
4.667093052 841
4.667093052 842
4.667093052 843
4.667093052 844
4.667093052 845
4.667093052 846
4.667093052 847
4.667093052 848
4.667093052 849
4.667093052 850
4.667093052 851
4.667093052 852
4.667093052 853
4.667093052 854
4.667093052 855
4.667093052 856
4.667093052 857
4.667093052 858
4.667093052 859
4.667093052 860
4.667093052 861
4.667093052 862
4.667093052 863
4.667093052 864
4.667093052 865
4.667093052 866
4.667093052 867
4.667093052 868
4.667093052 869
4.667093052 870
4.667093052 871
4.667093052 872
4.667093052 873
4.667093052 874
4.667093052 875
4.667093052 876
4.667093052 877
4.667093052 878
4.667093052 879
4.667093052 880
4.667093052 881
4.667093052 882
4.667093052 883
4.667093052 884
4.667093052 885
4.667093052 886
4.667093052 887
4.667093052 888
4.667103583 889
4.667103583 890
4.667103583 891
4.667103583 892
4.667103583 893
4.667103583 894
4.667103583 895
4.667103583 896
4.667103583 897
4.667103583 898
4.667103583 899
4.667103583 900
4.667103583 901
4.667103583 902
4.667103583 903
4.667103583 904
4.667103583 905
4.667103583 906
4.667103583 907
4.667103583 908
4.667103583 909
4.667103583 910
4.667103583 911
4.667103583 912
4.667103583 913
4.667103583 914
4.667103583 915
4.667103583 916
4.667103583 917
4.667103583 918
4.667103583 919
4.667103583 920
4.667103583 921
4.667103583 922
4.667103583 923
4.667103583 924
4.667103583 925
4.667103583 926
4.667103583 927
4.667103583 928
4.667103583 929
4.667103583 930
4.667103583 931
4.667103583 932
4.667103583 933
4.667103583 934
4.667103583 935
4.667103583 936
4.667103583 937
4.66712853 938
4.66712853 939
4.66712853 940
4.66712853 941
4.66712853 942
4.66712853 943
4.66712853 944
4.66712853 945
4.66712853 946
4.66712853 947
4.66712853 948
4.66712853 949
4.66712853 950
4.66712853 951
4.66712853 952
4.66712853 953
4.66712853 954
4.66712853 955
4.66712853 956
4.66712853 957
4.66712853 958
4.66712853 959
4.66712853 960
4.66712853 961
4.66712853 962
4.66712853 963
4.66712853 964
4.66712853 965
4.66712853 966
4.66712853 967
4.66712853 968
4.66712853 969
4.66712853 970
4.66712853 971
4.66712853 972
4.66712853 973
4.66712853 974
4.66712853 975
4.66712853 976
4.667132541 977
4.667163554 978
4.66720565 979
4.66720565 980
4.66720565 981
4.66720565 982
4.66720565 983
4.66720565 984
4.66720565 985
4.66720565 986
4.66720565 987
4.667211026 988
4.667211026 989
4.667211026 990
4.667211026 991
4.667211026 992
4.667211026 993
4.667211026 994
4.667211026 995
4.667211026 996
4.667211026 997
4.667211026 998
4.667211026 999
4.667211026 1000 
