-88.71697386 2
-44.73821802 3
-33.40507814 4
-33.40507814 5
-33.04731006 6
-28.95321821 7
-16.57397949 8
-12.35885116 9
-12.35885116 10
-10.80092817 11
-10.80092817 12
2.218856477 13
2.218856477 14
2.218856477 15
2.218856477 16
2.218856477 17
2.218856477 18
2.218856477 19
2.218856477 20
2.218856477 21
2.218856477 22
2.218856477 23
2.218856477 24
8.373987176 25
8.373987176 26
8.373987176 27
8.373987176 28
8.373987176 29
8.373987176 30
8.373987176 31
8.373987176 32
8.373987176 33
8.373987176 34
8.373987176 35
8.373987176 36
8.373987176 37
8.373987176 38
8.373987176 39
8.373987176 40
8.373987176 41
8.373987176 42
8.373987176 43
8.373987176 44
8.373987176 45
8.373987176 46
8.845919689 47
8.845919689 48
8.845919689 49
8.845919689 50
8.845919689 51
8.845919689 52
8.845919689 53
8.845919689 54
8.845919689 55
8.845919689 56
8.845919689 57
8.845919689 58
8.845919689 59
8.845919689 60
8.845919689 61
8.845919689 62
8.845919689 63
8.862083041 64
8.862083041 65
8.862083041 66
8.862083041 67
8.862083041 68
8.862083041 69
8.862083041 70
8.862083041 71
8.862083041 72
8.862083041 73
8.862083041 74
8.862083041 75
8.862083041 76
8.862083041 77
8.862083041 78
8.862083041 79
9.611080724 80
9.611080724 81
9.611080724 82
9.611080724 83
9.611080724 84
9.611080724 85
9.611080724 86
9.611080724 87
9.611080724 88
9.611080724 89
9.611080724 90
9.611080724 91
9.611080724 92
9.611080724 93
9.611080724 94
9.611080724 95
9.611080724 96
9.611080724 97
9.611080724 98
9.611080724 99
9.611080724 100
9.611080724 101
9.611080724 102
9.611080724 103
9.611080724 104
9.611080724 105
9.611080724 106
9.611080724 107
9.611080724 108
9.611080724 109
9.611080724 110
9.611080724 111
9.611080724 112
9.611080724 113
9.611080724 114
9.611080724 115
9.611080724 116
9.611080724 117
9.611080724 118
9.611080724 119
9.611080724 120
9.611080724 121
9.611080724 122
9.611080724 123
9.611080724 124
9.611080724 125
9.611080724 126
9.611080724 127
9.611080724 128
9.611080724 129
9.611080724 130
9.611080724 131
9.611080724 132
9.611080724 133
9.611080724 134
9.611080724 135
9.611080724 136
9.611080724 137
9.611080724 138
9.611080724 139
9.611080724 140
9.611080724 141
9.611080724 142
9.611080724 143
9.611080724 144
9.611080724 145
9.611080724 146
9.611080724 147
9.611080724 148
9.611080724 149
9.611080724 150
9.611080724 151
9.611080724 152
9.611080724 153
9.611080724 154
9.611080724 155
9.611080724 156
9.611080724 157
9.611080724 158
9.611080724 159
9.611080724 160
9.611080724 161
9.611080724 162
9.611080724 163
9.611080724 164
9.611080724 165
9.611080724 166
9.611080724 167
9.611080724 168
9.611080724 169
9.611080724 170
9.611080724 171
9.611080724 172
9.611080724 173
9.611080724 174
9.611080724 175
9.611080724 176
9.611080724 177
9.611080724 178
9.611080724 179
9.611080724 180
9.611080724 181
9.611080724 182
9.611080724 183
9.611080724 184
9.611080724 185
9.611080724 186
9.611080724 187
9.611080724 188
9.611080724 189
9.611080724 190
9.611080724 191
9.611080724 192
9.611080724 193
9.611080724 194
9.611080724 195
9.611080724 196
9.611080724 197
9.611080724 198
9.611080724 199
9.611080724 200
9.611080724 201
9.611080724 202
9.611080724 203
9.611080724 204
9.611080724 205
9.611080724 206
9.611080724 207
9.611080724 208
9.611080724 209
9.611080724 210
9.611080724 211
9.611080724 212
9.611080724 213
9.611080724 214
9.611080724 215
9.611080724 216
9.611080724 217
9.611080724 218
9.611080724 219
9.611080724 220
9.611080724 221
9.611080724 222
9.611080724 223
9.611080724 224
9.611080724 225
9.611080724 226
9.611080724 227
9.611080724 228
9.611080724 229
9.611080724 230
9.611080724 231
9.611080724 232
9.611080724 233
9.611080724 234
9.611080724 235
9.611080724 236
9.611080724 237
9.611080724 238
9.611080724 239
9.611080724 240
9.611080724 241
9.611080724 242
9.611080724 243
9.611080724 244
9.611080724 245
9.611080724 246
9.611080724 247
9.611080724 248
9.611080724 249
9.611080724 250
9.611080724 251
9.611080724 252
9.611080724 253
9.611080724 254
9.611080724 255
9.611080724 256
9.611080724 257
9.611080724 258
9.611080724 259
9.611080724 260
9.611080724 261
9.611080724 262
9.611080724 263
9.611080724 264
9.611080724 265
9.611080724 266
9.611080724 267
9.611080724 268
9.611080724 269
9.611080724 270
9.611080724 271
9.611080724 272
9.611080724 273
9.611080724 274
9.611080724 275
9.611080724 276
9.611080724 277
9.611080724 278
9.611080724 279
9.611080724 280
9.611080724 281
9.611080724 282
9.611080724 283
9.611080724 284
9.611080724 285
9.611080724 286
9.611080724 287
9.611080724 288
9.611080724 289
9.611080724 290
9.611080724 291
9.611080724 292
9.611080724 293
9.611080724 294
9.611080724 295
9.611080724 296
9.611080724 297
9.611080724 298
9.611080724 299
9.611080724 300
9.611080724 301
9.611080724 302
9.611080724 303
9.611080724 304
9.611080724 305
9.611080724 306
9.611080724 307
9.611080724 308
9.611080724 309
9.611080724 310
9.611080724 311
9.611080724 312
9.611080724 313
9.611080724 314
9.611080724 315
9.611080724 316
9.611080724 317
9.611080724 318
9.611080724 319
9.611080724 320
9.611080724 321
9.611080724 322
9.611080724 323
9.611080724 324
9.611080724 325
9.611080724 326
9.611080724 327
9.611080724 328
9.611080724 329
9.611080724 330
9.611080724 331
9.611080724 332
9.611080724 333
9.611080724 334
9.611080724 335
9.611080724 336
9.611080724 337
9.611080724 338
9.611080724 339
9.611080724 340
9.611080724 341
9.611080724 342
9.611080724 343
9.611080724 344
9.611080724 345
9.611080724 346
9.611080724 347
9.611080724 348
9.611080724 349
9.611080724 350
9.611080724 351
9.611080724 352
9.611080724 353
9.611080724 354
9.611080724 355
9.611080724 356
9.611080724 357
9.611080724 358
9.611080724 359
9.611080724 360
9.611080724 361
9.611080724 362
9.611080724 363
9.611080724 364
9.611080724 365
9.611080724 366
9.611080724 367
9.611080724 368
9.611080724 369
9.611080724 370
9.611080724 371
9.611080724 372
9.611080724 373
9.611080724 374
9.611080724 375
9.611080724 376
9.611080724 377
9.611080724 378
9.611080724 379
9.611080724 380
9.611080724 381
9.611080724 382
9.611080724 383
9.611080724 384
9.611080724 385
9.611080724 386
9.611080724 387
9.611080724 388
9.611080724 389
9.611080724 390
9.611080724 391
9.611080724 392
9.611080724 393
9.611080724 394
9.611080724 395
9.611080724 396
9.611080724 397
9.611080724 398
9.611080724 399
9.611080724 400
9.611080724 401
9.611080724 402
9.611080724 403
9.611080724 404
9.611080724 405
9.611080724 406
9.611080724 407
9.611080724 408
9.611080724 409
9.611080724 410
9.611080724 411
9.611080724 412
9.611080724 413
9.611080724 414
9.611080724 415
9.611080724 416
9.611080724 417
9.611080724 418
9.611080724 419
9.611080724 420
9.611080724 421
9.611080724 422
9.611080724 423
9.611080724 424
9.611080724 425
9.611080724 426
9.611080724 427
9.611080724 428
9.611080724 429
9.611080724 430
9.611080724 431
9.611080724 432
9.611080724 433
9.611080724 434
9.611080724 435
9.611080724 436
9.611080724 437
9.611080724 438
9.611080724 439
9.611080724 440
9.611080724 441
9.611080724 442
9.611080724 443
9.611080724 444
9.611080724 445
9.611080724 446
9.611080724 447
9.611080724 448
9.611080724 449
9.611080724 450
9.611080724 451
9.611080724 452
9.611080724 453
9.611080724 454
9.611080724 455
9.611080724 456
9.611080724 457
9.611080724 458
9.611080724 459
9.611080724 460
9.611080724 461
9.611080724 462
9.611080724 463
9.611080724 464
9.611080724 465
9.611080724 466
9.611080724 467
9.611080724 468
9.611080724 469
9.611080724 470
9.611080724 471
9.611080724 472
9.611080724 473
9.611080724 474
9.611080724 475
9.611080724 476
9.611080724 477
9.611080724 478
9.611080724 479
9.611080724 480
9.611080724 481
9.611080724 482
9.611080724 483
9.611080724 484
9.611080724 485
9.611080724 486
9.611080724 487
9.611080724 488
9.611080724 489
9.611080724 490
9.611080724 491
9.611080724 492
9.611080724 493
9.611080724 494
9.611080724 495
9.611080724 496
9.611080724 497
9.611080724 498
9.611080724 499
9.611080724 500
9.611080724 501
9.611080724 502
9.611080724 503
9.611080724 504
9.611080724 505
9.611080724 506
9.611080724 507
9.611080724 508
9.611080724 509
9.611080724 510
9.611080724 511
9.611080724 512
9.611080724 513
9.611080724 514
9.611080724 515
9.611080724 516
9.611080724 517
9.611080724 518
9.611080724 519
9.611080724 520
9.611080724 521
9.611080724 522
9.611080724 523
9.611080724 524
9.611080724 525
9.611080724 526
9.611080724 527
9.611080724 528
9.611080724 529
9.611080724 530
9.611080724 531
9.611080724 532
9.611080724 533
9.611080724 534
9.611080724 535
9.611080724 536
9.611080724 537
9.611080724 538
9.611080724 539
9.611080724 540
9.611080724 541
9.611080724 542
9.611080724 543
9.611080724 544
9.611080724 545
9.611080724 546
9.611080724 547
9.611080724 548
9.611080724 549
9.611080724 550
9.611080724 551
9.611080724 552
9.611080724 553
9.611080724 554
9.611080724 555
9.611080724 556
9.611080724 557
9.611080724 558
9.611080724 559
9.611080724 560
9.611080724 561
9.611080724 562
9.611080724 563
9.611080724 564
9.611080724 565
9.611080724 566
9.611080724 567
9.611080724 568
9.611080724 569
9.611080724 570
9.611080724 571
9.611080724 572
9.611080724 573
9.611080724 574
9.611080724 575
9.611080724 576
9.611080724 577
9.611080724 578
9.611080724 579
9.611080724 580
9.611080724 581
9.611080724 582
9.611080724 583
9.611080724 584
9.611080724 585
9.611080724 586
9.611080724 587
9.611080724 588
9.611080724 589
9.611080724 590
9.611080724 591
9.611080724 592
9.611080724 593
9.611080724 594
9.611080724 595
9.611080724 596
9.611080724 597
9.611080724 598
9.611080724 599
9.611080724 600
9.611080724 601
9.611080724 602
9.611080724 603
9.611080724 604
9.611080724 605
9.611080724 606
9.611080724 607
9.611080724 608
9.611080724 609
9.611080724 610
9.611080724 611
9.611080724 612
9.611080724 613
9.611080724 614
9.611080724 615
9.611080724 616
9.611080724 617
9.611080724 618
9.611080724 619
9.611080724 620
9.611080724 621
9.611080724 622
9.611080724 623
9.611080724 624
9.611080724 625
9.611080724 626
9.611080724 627
9.611080724 628
9.611080724 629
9.611080724 630
9.611080724 631
9.611080724 632
9.611080724 633
9.611080724 634
9.611080724 635
9.611080724 636
9.611080724 637
9.611080724 638
9.611080724 639
9.611080724 640
9.611080724 641
9.611080724 642
9.611080724 643
9.611080724 644
9.611080724 645
9.611080724 646
9.611080724 647
9.611080724 648
9.611080724 649
9.611080724 650
9.611080724 651
9.611080724 652
9.611080724 653
9.611080724 654
9.611080724 655
9.611080724 656
9.611080724 657
9.611080724 658
9.611080724 659
9.611080724 660
9.611080724 661
9.611080724 662
9.611080724 663
9.611080724 664
9.611080724 665
9.611080724 666
9.611080724 667
9.611080724 668
9.611080724 669
9.611080724 670
9.611080724 671
9.611080724 672
9.611080724 673
9.611080724 674
9.611080724 675
9.611080724 676
9.611080724 677
9.611080724 678
9.611080724 679
9.611080724 680
9.611080724 681
9.611080724 682
9.611080724 683
9.611080724 684
9.611080724 685
9.611080724 686
9.611080724 687
9.611080724 688
9.611080724 689
9.611080724 690
9.611080724 691
9.611080724 692
9.611080724 693
9.611080724 694
9.611080724 695
9.611080724 696
9.611080724 697
9.611080724 698
9.611080724 699
9.611080724 700
9.611080724 701
9.611080724 702
9.611080724 703
9.611080724 704
9.611080724 705
9.611080724 706
9.611080724 707
9.611080724 708
9.611080724 709
9.611080724 710
9.611080724 711
9.611080724 712
9.611080724 713
9.611080724 714
9.611080724 715
9.611080724 716
9.611080724 717
9.611080724 718
9.611080724 719
9.611080724 720
9.611080724 721
9.611080724 722
9.611080724 723
9.611080724 724
9.611080724 725
9.611080724 726
9.611080724 727
9.611080724 728
9.611080724 729
9.611080724 730
9.611080724 731
9.611080724 732
9.611080724 733
9.611080724 734
9.611080724 735
9.611080724 736
9.611080724 737
9.611080724 738
9.611080724 739
9.611080724 740
9.611080724 741
9.611080724 742
9.611080724 743
9.611080724 744
9.611080724 745
9.611080724 746
9.611080724 747
9.611080724 748
9.611080724 749
9.611080724 750
9.611080724 751
9.611080724 752
9.611080724 753
9.611080724 754
9.611080724 755
9.611080724 756
9.611080724 757
9.611080724 758
9.611080724 759
9.611080724 760
9.611080724 761
9.611080724 762
9.611080724 763
9.611080724 764
9.611080724 765
9.611080724 766
9.611080724 767
9.611080724 768
9.611080724 769
9.611080724 770
9.611080724 771
9.611080724 772
9.611080724 773
9.611080724 774
9.611080724 775
9.611080724 776
9.611080724 777
9.611080724 778
9.611080724 779
9.611080724 780
9.611080724 781
9.611080724 782
9.611080724 783
9.611080724 784
9.611080724 785
9.611080724 786
9.611080724 787
9.611080724 788
9.611080724 789
9.611080724 790
9.611080724 791
9.611080724 792
9.611080724 793
9.611080724 794
9.611080724 795
9.611080724 796
9.611080724 797
9.611080724 798
9.611080724 799
9.611080724 800
9.611080724 801
9.611080724 802
9.611080724 803
9.611080724 804
9.611080724 805
9.611080724 806
9.611080724 807
9.611080724 808
9.611080724 809
9.611080724 810
9.611080724 811
9.611080724 812
9.611080724 813
9.611080724 814
9.611080724 815
9.611080724 816
9.611080724 817
9.611080724 818
9.611080724 819
9.611080724 820
9.611080724 821
9.611080724 822
9.611080724 823
9.611080724 824
9.611080724 825
9.611080724 826
9.611080724 827
9.611080724 828
9.611080724 829
9.611080724 830
9.611080724 831
9.611080724 832
9.611080724 833
9.611080724 834
9.611080724 835
9.611080724 836
9.611080724 837
9.611080724 838
9.611080724 839
9.611080724 840
9.611080724 841
9.611080724 842
9.611080724 843
9.611080724 844
9.611080724 845
9.611080724 846
9.611080724 847
9.611080724 848
9.611080724 849
9.611080724 850
9.611080724 851
9.611080724 852
9.611080724 853
9.611080724 854
9.611080724 855
9.611080724 856
9.611080724 857
9.611080724 858
9.611080724 859
9.611080724 860
9.611080724 861
9.611080724 862
9.611080724 863
9.611080724 864
9.611080724 865
9.611080724 866
9.611080724 867
9.611080724 868
9.611080724 869
9.611080724 870
9.611080724 871
9.611080724 872
9.611080724 873
9.611080724 874
9.611080724 875
9.611080724 876
9.611080724 877
9.611080724 878
9.611080724 879
9.611080724 880
9.611080724 881
9.611080724 882
9.611080724 883
9.611080724 884
9.611080724 885
9.611080724 886
9.611080724 887
9.611080724 888
9.611080724 889
9.611080724 890
9.611080724 891
9.611080724 892
9.611080724 893
9.611080724 894
9.611080724 895
9.611080724 896
9.611080724 897
9.611080724 898
9.611080724 899
9.611080724 900
9.611080724 901
9.611080724 902
9.611080724 903
9.611080724 904
9.611080724 905
9.611080724 906
9.611080724 907
9.611080724 908
9.611080724 909
9.611080724 910
9.611080724 911
9.611080724 912
9.611080724 913
9.611080724 914
9.611080724 915
9.611080724 916
9.611080724 917
9.611080724 918
9.611080724 919
9.611080724 920
9.611080724 921
9.611080724 922
9.611080724 923
9.611080724 924
9.611080724 925
9.611080724 926
9.611080724 927
9.611080724 928
9.611080724 929
9.611080724 930
9.611080724 931
9.611080724 932
9.611080724 933
9.611080724 934
9.611080724 935
9.611080724 936
9.611080724 937
9.611080724 938
9.611080724 939
9.611080724 940
9.611080724 941
9.611080724 942
9.611080724 943
9.611080724 944
9.611080724 945
9.611080724 946
9.611080724 947
9.611080724 948
9.611080724 949
9.611080724 950
9.611080724 951
9.611080724 952
9.611080724 953
9.611080724 954
9.611080724 955
9.611080724 956
9.611080724 957
9.611080724 958
9.611080724 959
9.611080724 960
9.611080724 961
9.611080724 962
9.611080724 963
9.611080724 964
9.611080724 965
9.611080724 966
9.611080724 967
9.611080724 968
9.611080724 969
9.611080724 970
9.611080724 971
9.611080724 972
9.611080724 973
9.611080724 974
9.611080724 975
9.611080724 976
9.611080724 977
9.611080724 978
9.611080724 979
9.611080724 980
9.611080724 981
9.611080724 982
9.611080724 983
9.611080724 984
9.611080724 985
9.611080724 986
9.611080724 987
9.611080724 988
9.611080724 989
9.611080724 990
9.611080724 991
9.611080724 992
9.611080724 993
9.611080724 994
9.611080724 995
9.611080724 996
9.611080724 997
9.611080724 998
9.611080724 999
9.611080724 1000
9.611080724 1001
