-30.9670791 2
-20.19138097 3
-20.19138097 4
-17.24752968 5
-1.797469082 6
-1.797469082 7
-1.797469082 8
2.027259056 9
2.027259056 10
2.027259056 11
2.027259056 12
2.027259056 13
2.027259056 14
2.276751677 15
2.276751677 16
2.276751677 17
2.276751677 18
2.276751677 19
2.276751677 20
2.276751677 21
2.276751677 22
2.276751677 23
2.276751677 24
2.276751677 25
2.276751677 26
2.276751677 27
2.276751677 28
2.276751677 29
2.276751677 30
2.276751677 31
2.276751677 32
2.276751677 33
2.276751677 34
2.276751677 35
2.276751677 36
2.276751677 37
2.276751677 38
2.759342022 39
2.759342022 40
2.892987623 41
2.892987623 42
4.401605735 43
4.401605735 44
4.401605735 45
4.401605735 46
4.401605735 47
4.401605735 48
4.401605735 49
4.401605735 50
4.401605735 51
4.401605735 52
4.401605735 53
4.401605735 54
4.401605735 55
4.401605735 56
4.401605735 57
4.401605735 58
4.401605735 59
4.401605735 60
4.401605735 61
4.401605735 62
4.401605735 63
4.401605735 64
4.401605735 65
4.401605735 66
4.401605735 67
4.401605735 68
4.401605735 69
4.401605735 70
4.401605735 71
4.401605735 72
4.401605735 73
4.401605735 74
4.401605735 75
4.401605735 76
4.401605735 77
4.401605735 78
4.562326735 79
4.562326735 80
4.562326735 81
4.562326735 82
4.562326735 83
4.562326735 84
4.562326735 85
4.562326735 86
4.562326735 87
4.562326735 88
4.562326735 89
4.562326735 90
4.562326735 91
4.562326735 92
4.562326735 93
4.562326735 94
4.562326735 95
4.562326735 96
4.562326735 97
4.562326735 98
4.562326735 99
4.562326735 100
4.562326735 101
4.562326735 102
4.562326735 103
4.562326735 104
4.562326735 105
4.943762119 106
4.943762119 107
4.943762119 108
4.943762119 109
4.943762119 110
4.943762119 111
4.943762119 112
4.943762119 113
5.055231021 114
5.055231021 115
5.055231021 116
5.055231021 117
5.055231021 118
5.055231021 119
5.055231021 120
5.265757485 121
5.265757485 122
5.265757485 123
5.265757485 124
5.265757485 125
5.265757485 126
5.265757485 127
5.265757485 128
5.265757485 129
5.265757485 130
5.265757485 131
5.265757485 132
5.265757485 133
5.265757485 134
5.265757485 135
5.265757485 136
5.265757485 137
5.572164683 138
5.572164683 139
5.611574366 140
5.611574366 141
5.611574366 142
5.611574366 143
5.611574366 144
5.611574366 145
6.65752305 146
6.65752305 147
6.65752305 148
6.65752305 149
6.65752305 150
6.65752305 151
7.182907932 152
7.182907932 153
7.182907932 154
7.182907932 155
7.182907932 156
7.182907932 157
7.182907932 158
7.182907932 159
7.182907932 160
7.182907932 161
7.182907932 162
7.182907932 163
7.182907932 164
7.182907932 165
7.182907932 166
7.182907932 167
7.182907932 168
7.182907932 169
7.182907932 170
7.182907932 171
7.182907932 172
7.182907932 173
7.182907932 174
7.182907932 175
7.182907932 176
7.182907932 177
7.182907932 178
7.182907932 179
7.182907932 180
7.182907932 181
7.182907932 182
7.182907932 183
7.191053444 184
7.191053444 185
7.191053444 186
7.191053444 187
7.191053444 188
7.191053444 189
7.191053444 190
7.191053444 191
7.191053444 192
7.191053444 193
7.21714387 194
7.21714387 195
7.219205544 196
7.219205544 197
7.219205544 198
7.249412991 199
7.249412991 200
7.416225302 201
7.416225302 202
7.416225302 203
7.416225302 204
7.416225302 205
7.416225302 206
7.416225302 207
7.416225302 208
7.416225302 209
7.416225302 210
7.416225302 211
7.416225302 212
7.416225302 213
7.416225302 214
7.416225302 215
7.416225302 216
7.416225302 217
7.416225302 218
7.416225302 219
7.416225302 220
7.416225302 221
7.416225302 222
7.416225302 223
7.416225302 224
7.416225302 225
7.416225302 226
7.416225302 227
7.416225302 228
7.416225302 229
7.431546199 230
7.431546199 231
7.431546199 232
7.431546199 233
7.431546199 234
7.431546199 235
7.431546199 236
7.431546199 237
7.431546199 238
7.431546199 239
7.431546199 240
7.431546199 241
7.431546199 242
7.431546199 243
7.431546199 244
7.431546199 245
7.431546199 246
7.431546199 247
7.434603885 248
7.434603885 249
7.434603885 250
7.434603885 251
7.434603885 252
7.440174433 253
7.440174433 254
7.447462879 255
7.447462879 256
7.447462879 257
7.447462879 258
7.447462879 259
7.447462879 260
7.447462879 261
7.447462879 262
7.447462879 263
7.447462879 264
7.447462879 265
7.447462879 266
7.447462879 267
7.447462879 268
7.461968077 269
7.461968077 270
7.461968077 271
7.461968077 272
7.461968077 273
7.461968077 274
7.461968077 275
7.461968077 276
7.461968077 277
7.461968077 278
7.461968077 279
7.461968077 280
7.461968077 281
7.461968077 282
7.461968077 283
7.461968077 284
7.461968077 285
7.464390244 286
7.464390244 287
7.464390244 288
7.464390244 289
7.464390244 290
7.464390244 291
7.464390244 292
7.464390244 293
7.464390244 294
7.464390244 295
7.464390244 296
7.466644244 297
7.466644244 298
7.467052054 299
7.467052054 300
7.467052054 301
7.467052054 302
7.467052054 303
7.467052054 304
7.467052054 305
7.467052054 306
7.467052054 307
7.467052054 308
7.467052054 309
7.467052054 310
7.467052054 311
7.489336432 312
7.489336432 313
7.489336432 314
7.489336432 315
7.489336432 316
7.489336432 317
7.489336432 318
7.489336432 319
7.489336432 320
7.489336432 321
7.489336432 322
7.489336432 323
7.489418003 324
7.489418003 325
7.489847255 326
7.489847255 327
7.490286827 328
7.490286827 329
7.490286827 330
7.490286827 331
7.49052471 332
7.49052471 333
7.49052471 334
7.49052471 335
7.49052471 336
7.49117298 337
7.49117298 338
7.49117298 339
7.49117298 340
7.49117298 341
7.49117298 342
7.49117298 343
7.49117298 344
7.49117298 345
7.491297866 346
7.491644947 347
7.491644947 348
7.49170515 349
7.49170515 350
7.49212524 351
7.492287613 352
7.492287613 353
7.492287613 354
7.49346644 355
7.49346644 356
7.49346644 357
7.493514899 358
7.493900218 359
7.493900218 360
7.494239645 361
7.494239645 362
7.494239645 363
7.494239645 364
7.494239645 365
7.494239645 366
7.494239645 367
7.494242032 368
7.494260984 369
7.494260984 370
7.494559883 371
7.494559883 372
7.494559883 373
7.494825402 374
7.494825402 375
7.494825402 376
7.494825402 377
7.494825402 378
7.494825402 379
7.494825402 380
7.494825402 381
7.494825402 382
7.494825402 383
7.494843493 384
7.494843493 385
7.494884443 386
7.494912085 387
7.494912085 388
7.494912085 389
7.494912085 390
7.494918021 391
7.494918021 392
7.49492077 393
7.49492077 394
7.494920949 395
7.494921964 396
7.494922519 397
7.494922822 398
7.494922988 399
7.494923079 400
7.494923128 401
7.494923154 402
7.494930508 403
7.494930508 404
7.494934157 405
7.49493964 406
7.49493964 407
7.494959665 408
7.494959665 409
7.494959665 410
7.494959665 411
7.494959665 412
7.494959665 413
7.494961929 414
7.494962637 415
7.494969029 416
7.494969029 417
7.494969029 418
7.494969029 419
7.494969029 420
7.494969029 421
7.494969029 422
7.494969029 423
7.494969029 424
7.494969029 425
7.494969029 426
7.494969029 427
7.494969029 428
7.494971094 429
7.494971343 430
7.494971343 431
7.494971343 432
7.494974749 433
7.494974749 434
7.494975099 435
7.494975099 436
7.494976953 437
7.494977256 438
7.494977256 439
7.494977256 440
7.494977256 441
7.494977256 442
7.494977256 443
7.494977337 444
7.494977416 445
7.494977502 446
7.494977615 447
7.494977682 448
7.494978637 449
7.494980466 450
7.494980466 451
7.494982305 452
7.494982305 453
7.494982534 454
7.494982534 455
7.494982534 456
7.494982698 457
7.494983218 458
7.49498428 459
7.49498428 460
7.49498428 461
7.49498428 462
7.49498428 463
7.49498428 464
7.49498428 465
7.49498428 466
7.49498428 467
7.49498428 468
7.49498428 469
7.49498428 470
7.49498428 471
7.49498428 472
7.49498428 473
7.49498428 474
7.49498428 475
7.494984523 476
7.494984523 477
7.494984759 478
7.494984761 479
7.494984761 480
7.494984761 481
7.494984761 482
7.494984761 483
7.494984842 484
7.494985082 485
7.494985082 486
7.494985082 487
7.494985082 488
7.494985082 489
7.494985135 490
7.494985172 491
7.494985269 492
7.494985269 493
7.494985269 494
7.494985269 495
7.494985292 496
7.494985292 497
7.494985292 498
7.494985292 499
7.494985292 500
7.494985319 501
7.494985319 502
7.49498534 503
7.49498534 504
7.49498534 505
7.494985349 506
7.494985356 507
7.494985356 508
7.494985356 509
7.494985356 510
7.494985356 511
7.494985356 512
7.494985361 513
7.494985378 514
7.494985388 515
7.494985388 516
7.494985389 517
7.49498539 518
7.49498539 519
7.49498539 520
7.49498539 521
7.494985391 522
7.494985392 523
7.494985392 524
7.494985392 525
7.494985392 526
7.494985392 527
7.494985392 528
7.494985394 529
7.494985394 530
7.494985394 531
7.494985394 532
7.494985395 533
7.494985395 534
7.494985395 535
7.494985395 536
7.494985395 537
7.494985395 538
7.494985395 539
7.494985395 540
7.494985395 541
7.494985395 542
7.494985395 543
7.494985395 544
7.494985395 545
7.494985395 546
7.494985396 547
7.494985396 548
7.494985396 549
7.494985397 550
7.494985397 551
7.494985397 552
7.494985397 553
7.494985397 554
7.494985397 555
7.494985397 556
7.494985397 557
7.494985397 558
7.494985397 559
7.494985397 560
7.494985397 561
7.494985397 562
7.494985397 563
7.494985397 564
7.494985397 565
7.494985397 566
7.494985397 567
7.494985398 568
7.494985398 569
7.494985398 570
7.494985398 571
7.494985398 572
7.494985398 573
7.494985398 574
7.494985398 575
7.494985398 576
7.494985398 577
7.494985398 578
7.494985398 579
7.494985398 580
7.494985398 581
7.494985398 582
7.494985398 583
7.494985398 584
7.494985398 585
7.494985398 586
7.494985398 587
7.494985398 588
7.494985398 589
7.494985398 590
7.494985398 591
7.494985398 592
7.494985398 593
7.494985398 594
7.494985398 595
7.494985398 596
7.494985398 597
7.494985398 598
7.494985398 599
7.494985398 600
7.494985398 601
7.494985398 602
7.494985398 603
7.494985398 604
7.494985398 605
7.494985398 606
7.494985398 607
7.494985398 608
7.494985398 609
7.494985398 610
7.494985398 611
7.494985398 612
7.494985398 613
7.494985398 614
7.494985398 615
7.494985398 616
7.494985398 617
7.494985398 618
7.494985398 619
7.494985398 620
7.494985398 621
7.494985398 622
7.494985398 623
7.494985398 624
7.494985398 625
7.494985398 626
7.494985398 627
7.494985398 628
7.494985398 629
7.494985398 630
7.494985398 631
7.494985398 632
7.494985398 633
7.494985398 634
7.494985398 635
7.494985398 636
7.494985398 637
7.494985398 638
7.494985398 639
7.494985398 640
7.494985398 641
7.494985398 642
7.494985398 643
7.494985398 644
7.494985398 645
7.494985398 646
7.494985398 647
7.494985398 648
7.494985398 649
7.494985398 650
7.494985398 651
7.494985398 652
7.494985398 653
7.494985398 654
7.494985398 655
7.494985398 656
7.494985398 657
7.494985398 658
7.494985398 659
7.494985398 660
7.494985398 661
7.494985398 662
7.494985398 663
7.494985398 664
7.494985398 665
7.494985398 666
7.494985398 667
7.494985398 668
7.494985398 669
7.494985398 670
7.494985398 671
7.494985398 672
7.494985398 673
7.494985398 674
7.494985398 675
7.494985398 676
7.494985398 677
7.494985398 678
7.494985398 679
7.494985398 680
7.494985398 681
7.494985398 682
7.494985398 683
7.494985398 684
7.494985398 685
7.494985398 686
7.494985398 687
7.494985398 688
7.494985398 689
7.494985398 690
7.494985398 691
7.494985398 692
7.494985398 693
7.494985398 694
7.494985398 695
7.494985398 696
7.494985398 697
7.494985398 698
7.494985398 699
7.494985398 700
7.494985398 701
7.494985398 702
7.494985398 703
7.494985398 704
7.494985398 705
7.494985398 706
7.494985398 707
7.494985398 708
7.494985398 709
7.494985398 710
7.494985398 711
7.494985398 712
7.494985398 713
7.494985398 714
7.494985398 715
7.494985398 716
7.494985398 717
7.494985398 718
7.494985398 719
7.494985398 720
7.494985398 721
7.494985398 722
7.494985398 723
7.494985398 724
7.494985398 725
7.494985398 726
7.494985398 727
7.494985398 728
7.494985398 729
7.494985398 730
7.494985398 731
7.494985398 732
7.494985398 733
7.494985398 734
7.494985398 735
7.494985398 736
7.494985398 737
7.494985398 738
7.494985398 739
7.494985398 740
7.494985398 741
7.494985398 742
7.494985398 743
7.494985398 744
7.494985398 745
7.494985398 746
7.494985398 747
7.494985398 748
7.494985398 749
7.494985398 750
7.494985398 751
7.494985398 752
7.494985398 753
7.494985398 754
7.494985398 755
7.494985398 756
7.494985398 757
7.494985398 758
7.494985398 759
7.494985398 760
7.494985398 761
7.494985398 762
7.494985398 763
7.494985398 764
7.494985398 765
7.494985398 766
7.494985398 767
7.494985398 768
7.494985398 769
7.494985398 770
7.494985398 771
7.494985398 772
7.494985398 773
7.494985398 774
7.494985398 775
7.494985398 776
7.494985398 777
7.494985398 778
7.494985398 779
7.494985398 780
7.494985398 781
7.494985398 782
7.494985398 783
7.494985398 784
7.494985398 785
7.494985398 786
7.494985398 787
7.494985398 788
7.494985398 789
7.494985398 790
7.494985398 791
7.494985398 792
7.494985398 793
7.494985398 794
7.494985398 795
7.494985398 796
7.494985398 797
7.494985398 798
7.494985398 799
7.494985398 800
7.494985398 801
7.494985398 802
7.494985398 803
7.494985398 804
7.494985398 805
7.494985398 806
7.494985398 807
7.494985398 808
7.494985398 809
7.494985398 810
7.494985398 811
7.494985398 812
7.494985398 813
7.494985398 814
7.494985398 815
7.494985398 816
7.494985398 817
7.494985398 818
7.494985398 819
7.494985398 820
7.494985398 821
7.494985398 822
7.494985398 823
7.494985398 824
7.494985398 825
7.494985398 826
7.494985398 827
7.494985398 828
7.494985398 829
7.494985398 830
7.494985398 831
7.494985398 832
7.494985398 833
7.494985398 834
7.494985398 835
7.494985398 836
7.494985398 837
7.494985398 838
7.494985398 839
7.494985398 840
7.494985398 841
7.494985398 842
7.494985398 843
7.494985398 844
7.494985398 845
7.494985398 846
7.494985398 847
7.494985398 848
7.494985398 849
7.494985398 850
7.494985398 851
7.494985398 852
7.494985398 853
7.494985398 854
7.494985398 855
7.494985398 856
7.494985398 857
7.494985398 858
7.494985398 859
7.494985398 860
7.494985398 861
7.494985398 862
7.494985398 863
7.494985398 864
7.494985398 865
7.494985398 866
7.494985398 867
7.494985398 868
7.494985398 869
7.494985398 870
7.494985398 871
7.494985398 872
7.494985398 873
7.494985398 874
7.494985398 875
7.494985398 876
7.494985398 877
7.494985398 878
7.494985398 879
7.494985398 880
7.494985398 881
7.494985398 882
7.494985398 883
7.494985398 884
7.494985398 885
7.494985398 886
7.494985398 887
7.494985398 888
7.494985398 889
7.494985398 890
7.494985398 891
7.494985398 892
7.494985398 893
7.494985398 894
7.494985398 895
7.494985398 896
7.494985398 897
7.494985398 898
7.494985398 899
7.494985398 900
7.494985398 901
7.494985398 902
7.494985398 903
7.494985398 904
7.494985398 905
7.494985398 906
7.494985398 907
7.494985398 908
7.494985398 909
7.494985398 910
7.494985398 911
7.494985398 912
7.494985398 913
7.494985398 914
7.494985398 915
7.494985398 916
7.494985398 917
7.494985398 918
7.494985398 919
7.494985398 920
7.494985398 921
7.494985398 922
7.494985398 923
7.494985398 924
7.494985398 925
7.494985398 926
7.494985398 927
7.494985398 928
7.494985398 929
7.494985398 930
7.494985398 931
7.494985398 932
7.494985398 933
7.494985398 934
7.494985398 935
7.494985398 936
7.494985398 937
7.494985398 938
7.494985398 939
7.494985398 940
7.494985398 941
7.494985398 942
7.494985398 943
7.494985398 944
7.494985398 945
7.494985398 946
7.494985398 947
7.494985398 948
7.494985398 949
7.494985398 950
7.494985398 951
7.494985398 952
7.494985398 953
7.494985398 954
7.494985398 955
7.494985398 956
7.494985398 957
7.494985398 958
7.494985398 959
7.494985398 960
7.494985398 961
7.494985398 962
7.494985398 963
7.494985398 964
7.494985398 965
7.494985398 966
7.494985398 967
7.494985398 968
7.494985398 969
7.494985398 970
7.494985398 971
7.494985398 972
7.494985398 973
7.494985398 974
7.494985398 975
7.494985398 976
7.494985398 977
7.494985398 978
7.494985398 979
7.494985398 980
7.494985398 981
7.494985398 982
7.494985398 983
7.494985398 984
7.494985398 985
7.494985398 986
7.494985398 987
7.494985398 988
7.494985398 989
7.494985398 990
7.494985398 991
7.494985398 992
7.494985398 993
7.494985398 994
7.494985398 995
7.494985398 996
7.494985398 997
7.494985398 998
7.494985398 999
7.494985398 1000
7.494985398 1001
