-35.98495815 2
-18.5913606 3
-18.5913606 4
-18.5913606 5
-18.5913606 6
-15.57308736 7
-15.06153857 8
-11.82907413 9
-9.322050022 10
-6.138896101 11
-5.792867484 12
-5.564999681 13
-4.236923521 14
-1.62752523 15
1.118286759 16
1.118286759 17
1.118286759 18
1.118286759 19
1.118286759 20
1.118286759 21
1.245538272 22
1.723284724 23
1.723284724 24
1.723284724 25
1.723284724 26
1.927681758 27
2.06809273 28
2.568104963 29
2.726111557 30
2.726111557 31
2.726111557 32
2.726111557 33
2.726111557 34
2.800657965 35
2.800657965 36
2.885518556 37
2.946898643 38
2.946898643 39
2.96792902 40
2.96792902 41
2.96792902 42
2.984537304 43
2.984537304 44
2.984537304 45
2.984537304 46
2.984537304 47
2.984537304 48
2.984537304 49
2.984537304 50
2.989958206 51
2.989958206 52
2.989958206 53
2.989958206 54
2.989958206 55
2.989958206 56
2.990507679 57
2.990507679 58
2.990507679 59
2.990576151 60
2.990576151 61
2.991821945 62
2.991821945 63
2.991821945 64
2.993377279 65
2.993377279 66
2.993377279 67
2.995093239 68
2.995093239 69
2.995093239 70
2.995093239 71
2.995093239 72
2.996511081 73
2.996523768 74
2.996865523 75
2.996865523 76
2.996865523 77
2.997080846 78
2.997080846 79
2.99766438 80
2.997734049 81
2.997852936 82
2.997852936 83
2.997927839 84
2.997927839 85
2.997927839 86
2.997927839 87
2.997927839 88
2.998086521 89
2.998086521 90
2.998086521 91
2.998086521 92
2.998119975 93
2.998173133 94
3.000596585 95
3.000659443 96
3.001835605 97
3.002790567 98
3.003599393 99
3.004854314 100
3.005981001 101
3.007041812 102
3.008408072 103
3.011261101 104
3.013960657 105
3.017138771 106
3.019013995 107
3.021294505 108
3.024653606 109
3.027331967 110
3.030257498 111
3.032955401 112
3.034968725 113
3.038838153 114
3.042918743 115
3.046013939 116
3.048521992 117
3.052945299 118
3.05606851 119
3.059184693 120
3.061338159 121
3.063424119 122
3.065276538 123
3.066981383 124
3.068492655 125
3.069244132 126
3.069483377 127
3.069537987 128
3.069777955 129
3.069833796 130
3.069833796 131
3.070052206 132
3.070301616 133
3.070469146 134
3.070700519 135
3.070928088 136
3.071153647 137
3.07144568 138
3.071713771 139
3.071927079 140
3.072120173 141
3.072330223 142
3.072561803 143
3.072844744 144
3.073118511 145
3.073303443 146
3.073490947 147
3.07369854 148
3.073954688 149
3.074234589 150
3.074514457 151
3.074794028 152
3.075019136 153
3.075227092 154
3.075484821 155
3.075869916 156
3.076181473 157
3.07639926 158
3.076675001 159
3.076886789 160
3.076982631 161
3.077074272 162
3.077111697 163
3.077156785 164
3.077194937 165
3.077252702 166
3.077294766 167
3.077331308 168
3.077365735 169
3.077404033 170
3.077439201 171
3.077473306 172
3.07750475 173
3.077542472 174
3.07757698 175
3.077605166 176
3.077631957 177
3.077665827 178
3.077693906 179
3.077716067 180
3.077736266 181
3.077768668 182
3.07780163 183
3.077834533 184
3.077871947 185
3.077912582 186
3.077950567 187
3.077980482 188
3.07800107 189
3.078022643 190
3.07806449 191
3.078102409 192
3.078135414 193
3.078184116 194
3.078226008 195
3.078263709 196
3.078293138 197
3.078328919 198
3.078365308 199
3.078393001 200
3.078419038 201
3.078451625 202
3.07848249 203
3.078512292 204
3.078541081 205
3.078567728 206
3.078594677 207
3.078620716 208
3.078640259 209
3.078657641 210
3.078670327 211
3.078685755 212
3.078696855 213
3.078696855 214
3.078701642 215
3.078701642 216
3.078701642 217
3.078701642 218
3.078701642 219
3.078701642 220
3.078701642 221
3.078701642 222
3.078701642 223
3.078701642 224
3.078701646 225
3.078701646 226
3.078701646 227
3.078701646 228
3.078701813 229
3.07870203 230
3.07870203 231
3.07870203 232
3.07870203 233
3.078702039 234
3.078702039 235
3.078702039 236
3.078702051 237
3.078702051 238
3.07870206 239
3.07870206 240
3.078702066 241
3.078702066 242
3.078702066 243
3.078702066 244
3.078702067 245
3.078702083 246
3.078702083 247
3.078702088 248
3.078702088 249
3.078702089 250
3.078702092 251
3.078702095 252
3.078702096 253
3.078702099 254
3.078702104 255
3.078702107 256
3.078702109 257
3.07870211 258
3.078702111 259
3.078702113 260
3.078702115 261
3.078702115 262
3.078702116 263
3.078702117 264
3.078702119 265
3.078702121 266
3.078702123 267
3.078702124 268
3.078702126 269
3.078702128 270
3.078702128 271
3.078702129 272
3.07870213 273
3.078702131 274
3.078702131 275
3.078702132 276
3.078702133 277
3.078702134 278
3.078702134 279
3.078702135 280
3.078702135 281
3.078702135 282
3.078702136 283
3.078702136 284
3.078702136 285
3.078702137 286
3.078702137 287
3.078702137 288
3.078702138 289
3.078702138 290
3.078702138 291
3.078702138 292
3.078702138 293
3.078702138 294
3.078702139 295
3.078702139 296
3.078702139 297
3.078702139 298
3.078702139 299
3.078702139 300
3.078702139 301
3.078702139 302
3.078702139 303
3.078702139 304
3.078702139 305
3.078702139 306
3.078702139 307
3.078702139 308
3.078702139 309
3.07870214 310
3.07870214 311
3.07870214 312
3.07870214 313
3.07870214 314
3.07870214 315
3.07870214 316
3.07870214 317
3.07870214 318
3.07870214 319
3.07870214 320
3.07870214 321
3.07870214 322
3.07870214 323
3.07870214 324
3.07870214 325
3.07870214 326
3.07870214 327
3.07870214 328
3.07870214 329
3.07870214 330
3.07870214 331
3.07870214 332
3.07870214 333
3.07870214 334
3.07870214 335
3.07870214 336
3.07870214 337
3.07870214 338
3.07870214 339
3.07870214 340
3.07870214 341
3.07870214 342
3.07870214 343
3.07870214 344
3.07870214 345
3.07870214 346
3.07870214 347
3.07870214 348
3.07870214 349
3.07870214 350
3.07870214 351
3.07870214 352
3.07870214 353
3.07870214 354
3.07870214 355
3.07870214 356
3.07870214 357
3.07870214 358
3.07870214 359
3.07870214 360
3.07870214 361
3.07870214 362
3.07870214 363
3.07870214 364
3.07870214 365
3.07870214 366
3.07870214 367
3.07870214 368
3.07870214 369
3.07870214 370
3.07870214 371
3.07870214 372
3.07870214 373
3.07870214 374
3.07870214 375
3.07870214 376
3.07870214 377
3.07870214 378
3.07870214 379
3.07870214 380
3.07870214 381
3.07870214 382
3.07870214 383
3.07870214 384
3.07870214 385
3.07870214 386
3.07870214 387
3.07870214 388
3.07870214 389
3.07870214 390
3.07870214 391
3.07870214 392
3.07870214 393
3.07870214 394
3.07870214 395
3.07870214 396
3.07870214 397
3.07870214 398
3.07870214 399
3.07870214 400
3.07870214 401
3.07870214 402
3.07870214 403
3.07870214 404
3.07870214 405
3.07870214 406
3.07870214 407
3.07870214 408
3.07870214 409
3.07870214 410
3.07870214 411
3.07870214 412
3.07870214 413
3.07870214 414
3.07870214 415
3.07870214 416
3.07870214 417
3.07870214 418
3.07870214 419
3.07870214 420
3.07870214 421
3.07870214 422
3.07870214 423
3.07870214 424
3.07870214 425
3.07870214 426
3.07870214 427
3.07870214 428
3.07870214 429
3.07870214 430
3.07870214 431
3.07870214 432
3.07870214 433
3.07870214 434
3.07870214 435
3.07870214 436
3.07870214 437
3.07870214 438
3.07870214 439
3.07870214 440
3.07870214 441
3.07870214 442
3.07870214 443
3.07870214 444
3.07870214 445
3.07870214 446
3.07870214 447
3.07870214 448
3.07870214 449
3.07870214 450
3.07870214 451
3.07870214 452
3.07870214 453
3.07870214 454
3.07870214 455
3.07870214 456
3.07870214 457
3.07870214 458
3.07870214 459
3.07870214 460
3.07870214 461
3.07870214 462
3.07870214 463
3.07870214 464
3.07870214 465
3.07870214 466
3.07870214 467
3.07870214 468
3.07870214 469
3.07870214 470
3.07870214 471
3.07870214 472
3.07870214 473
3.07870214 474
3.07870214 475
3.07870214 476
3.07870214 477
3.07870214 478
3.07870214 479
3.07870214 480
3.07870214 481
3.07870214 482
3.07870214 483
3.07870214 484
3.07870214 485
3.07870214 486
3.07870214 487
3.07870214 488
3.07870214 489
3.07870214 490
3.07870214 491
3.07870214 492
3.07870214 493
3.07870214 494
3.07870214 495
3.07870214 496
3.07870214 497
3.07870214 498
3.07870214 499
3.07870214 500
3.07870214 501
3.07870214 502
3.07870214 503
3.07870214 504
3.07870214 505
3.07870214 506
3.07870214 507
3.07870214 508
3.07870214 509
3.07870214 510
3.07870214 511
3.07870214 512
3.07870214 513
3.07870214 514
3.07870214 515
3.07870214 516
3.07870214 517
3.07870214 518
3.07870214 519
3.07870214 520
3.07870214 521
3.07870214 522
3.07870214 523
3.07870214 524
3.07870214 525
3.07870214 526
3.07870214 527
3.07870214 528
3.07870214 529
3.07870214 530
3.07870214 531
3.07870214 532
3.07870214 533
3.07870214 534
3.07870214 535
3.07870214 536
3.07870214 537
3.07870214 538
3.07870214 539
3.07870214 540
3.07870214 541
3.07870214 542
3.07870214 543
3.07870214 544
3.07870214 545
3.07870214 546
3.07870214 547
3.07870214 548
3.07870214 549
3.07870214 550
3.07870214 551
3.07870214 552
3.07870214 553
3.07870214 554
3.07870214 555
3.07870214 556
3.07870214 557
3.07870214 558
3.07870214 559
3.07870214 560
3.07870214 561
3.07870214 562
3.07870214 563
3.07870214 564
3.07870214 565
3.07870214 566
3.07870214 567
3.07870214 568
3.07870214 569
3.07870214 570
3.07870214 571
3.07870214 572
3.07870214 573
3.07870214 574
3.07870214 575
3.07870214 576
3.07870214 577
3.07870214 578
3.07870214 579
3.07870214 580
3.07870214 581
3.07870214 582
3.07870214 583
3.07870214 584
3.07870214 585
3.07870214 586
3.07870214 587
3.07870214 588
3.07870214 589
3.07870214 590
3.07870214 591
3.07870214 592
3.07870214 593
3.07870214 594
3.07870214 595
3.07870214 596
3.07870214 597
3.07870214 598
3.07870214 599
3.07870214 600
3.07870214 601
3.07870214 602
3.07870214 603
3.07870214 604
3.07870214 605
3.07870214 606
3.07870214 607
3.07870214 608
3.07870214 609
3.07870214 610
3.07870214 611
3.07870214 612
3.07870214 613
3.07870214 614
3.07870214 615
3.07870214 616
3.07870214 617
3.07870214 618
3.07870214 619
3.07870214 620
3.07870214 621
3.07870214 622
3.07870214 623
3.07870214 624
3.07870214 625
3.07870214 626
3.07870214 627
3.07870214 628
3.07870214 629
3.07870214 630
3.07870214 631
3.07870214 632
3.07870214 633
3.07870214 634
3.07870214 635
3.07870214 636
3.07870214 637
3.07870214 638
3.07870214 639
3.07870214 640
3.07870214 641
3.07870214 642
3.07870214 643
3.07870214 644
3.07870214 645
3.07870214 646
3.07870214 647
3.07870214 648
3.07870214 649
3.07870214 650
3.07870214 651
3.07870214 652
3.07870214 653
3.07870214 654
3.07870214 655
3.07870214 656
3.07870214 657
3.07870214 658
3.07870214 659
3.07870214 660
3.07870214 661
3.07870214 662
3.07870214 663
3.07870214 664
3.07870214 665
3.07870214 666
3.07870214 667
3.07870214 668
3.07870214 669
3.07870214 670
3.07870214 671
3.07870214 672
3.07870214 673
3.07870214 674
3.07870214 675
3.07870214 676
3.07870214 677
3.07870214 678
3.07870214 679
3.07870214 680
3.07870214 681
3.07870214 682
3.07870214 683
3.07870214 684
3.07870214 685
3.07870214 686
3.07870214 687
3.07870214 688
3.07870214 689
3.07870214 690
3.07870214 691
3.07870214 692
3.07870214 693
3.07870214 694
3.07870214 695
3.07870214 696
3.07870214 697
3.07870214 698
3.07870214 699
3.07870214 700
3.07870214 701
3.07870214 702
3.07870214 703
3.07870214 704
3.07870214 705
3.07870214 706
3.07870214 707
3.07870214 708
3.07870214 709
3.07870214 710
3.07870214 711
3.07870214 712
3.07870214 713
3.07870214 714
3.07870214 715
3.07870214 716
3.07870214 717
3.07870214 718
3.07870214 719
3.07870214 720
3.07870214 721
3.07870214 722
3.07870214 723
3.07870214 724
3.07870214 725
3.07870214 726
3.07870214 727
3.07870214 728
3.07870214 729
3.07870214 730
3.07870214 731
3.07870214 732
3.07870214 733
3.07870214 734
3.07870214 735
3.07870214 736
3.07870214 737
3.07870214 738
3.07870214 739
3.07870214 740
3.07870214 741
3.07870214 742
3.07870214 743
3.07870214 744
3.07870214 745
3.07870214 746
3.07870214 747
3.07870214 748
3.07870214 749
3.07870214 750
3.07870214 751
3.07870214 752
3.07870214 753
3.07870214 754
3.07870214 755
3.07870214 756
3.07870214 757
3.07870214 758
3.07870214 759
3.07870214 760
3.07870214 761
3.07870214 762
3.07870214 763
3.07870214 764
3.07870214 765
3.07870214 766
3.07870214 767
3.07870214 768
3.07870214 769
3.07870214 770
3.07870214 771
3.07870214 772
3.07870214 773
3.07870214 774
3.07870214 775
3.07870214 776
3.07870214 777
3.07870214 778
3.07870214 779
3.07870214 780
3.07870214 781
3.07870214 782
3.07870214 783
3.07870214 784
3.07870214 785
3.07870214 786
3.07870214 787
3.07870214 788
3.07870214 789
3.07870214 790
3.07870214 791
3.07870214 792
3.07870214 793
3.07870214 794
3.07870214 795
3.07870214 796
3.07870214 797
3.07870214 798
3.07870214 799
3.07870214 800
3.07870214 801
3.07870214 802
3.07870214 803
3.07870214 804
3.07870214 805
3.07870214 806
3.07870214 807
3.07870214 808
3.07870214 809
3.07870214 810
3.07870214 811
3.07870214 812
3.07870214 813
3.07870214 814
3.07870214 815
3.07870214 816
3.07870214 817
3.07870214 818
3.07870214 819
3.07870214 820
3.07870214 821
3.07870214 822
3.07870214 823
3.07870214 824
3.07870214 825
3.07870214 826
3.07870214 827
3.07870214 828
3.07870214 829
3.07870214 830
3.07870214 831
3.07870214 832
3.07870214 833
3.07870214 834
3.07870214 835
3.07870214 836
3.07870214 837
3.07870214 838
3.07870214 839
3.07870214 840
3.07870214 841
3.07870214 842
3.07870214 843
3.07870214 844
3.07870214 845
3.07870214 846
3.07870214 847
3.07870214 848
3.07870214 849
3.07870214 850
3.07870214 851
3.07870214 852
3.07870214 853
3.07870214 854
3.07870214 855
3.07870214 856
3.07870214 857
3.07870214 858
3.07870214 859
3.07870214 860
3.07870214 861
3.07870214 862
3.07870214 863
3.07870214 864
3.07870214 865
3.07870214 866
3.07870214 867
3.07870214 868
3.07870214 869
3.07870214 870
3.07870214 871
3.07870214 872
3.07870214 873
3.07870214 874
3.07870214 875
3.07870214 876
3.07870214 877
3.07870214 878
3.07870214 879
3.07870214 880
3.07870214 881
3.07870214 882
3.07870214 883
3.07870214 884
3.07870214 885
3.07870214 886
3.07870214 887
3.07870214 888
3.07870214 889
3.07870214 890
3.07870214 891
3.07870214 892
3.07870214 893
3.07870214 894
3.07870214 895
3.07870214 896
3.07870214 897
3.07870214 898
3.07870214 899
3.07870214 900
3.07870214 901
3.07870214 902
3.07870214 903
3.07870214 904
3.07870214 905
3.07870214 906
3.07870214 907
3.07870214 908
3.07870214 909
3.07870214 910
3.07870214 911
3.07870214 912
3.07870214 913
3.07870214 914
3.07870214 915
3.07870214 916
3.07870214 917
3.07870214 918
3.07870214 919
3.07870214 920
3.07870214 921
3.07870214 922
3.07870214 923
3.07870214 924
3.07870214 925
3.07870214 926
3.07870214 927
3.07870214 928
3.07870214 929
3.07870214 930
3.07870214 931
3.07870214 932
3.07870214 933
3.07870214 934
3.07870214 935
3.07870214 936
3.07870214 937
3.07870214 938
3.07870214 939
3.07870214 940
3.07870214 941
3.07870214 942
3.07870214 943
3.07870214 944
3.07870214 945
3.07870214 946
3.07870214 947
3.07870214 948
3.07870214 949
3.07870214 950
3.07870214 951
3.07870214 952
3.07870214 953
3.07870214 954
3.07870214 955
3.07870214 956
3.07870214 957
3.07870214 958
3.07870214 959
3.07870214 960
3.07870214 961
3.07870214 962
3.07870214 963
3.07870214 964
3.07870214 965
3.07870214 966
3.07870214 967
3.07870214 968
3.07870214 969
3.07870214 970
3.07870214 971
3.07870214 972
3.07870214 973
3.07870214 974
3.07870214 975
3.07870214 976
3.07870214 977
3.07870214 978
3.07870214 979
3.07870214 980
3.07870214 981
3.07870214 982
3.07870214 983
3.07870214 984
3.07870214 985
3.07870214 986
3.07870214 987
3.07870214 988
3.07870214 989
3.07870214 990
3.07870214 991
3.07870214 992
3.07870214 993
3.07870214 994
3.07870214 995
3.07870214 996
3.07870214 997
3.07870214 998
3.07870214 999
3.07870214 1000
3.07870214 1001
