-17.80691221 1
-7.992076374 2
-7.992076374 3
-7.992076374 4
-7.992076374 5
-7.992076374 6
-7.992076374 7
-7.992076374 8
-7.992076374 9
-7.992076374 10
-7.992076374 11
-7.992076374 12
-7.681183716 13
-7.681183716 14
-7.681183716 15
-7.681183716 16
-7.681183716 17
-7.681183716 18
-7.681183716 19
-7.244451489 20
-5.40732276 21
-5.40732276 22
-0.8508198934 23
-0.8508198934 24
-0.4539600164 25
-0.4539600164 26
-0.4539600164 27
-0.4539600164 28
-0.217962578 29
-0.217962578 30
-0.217962578 31
1.762686624 32
1.762686624 33
1.762686624 34
6.842314632 35
6.842314632 36
6.842314632 37
6.842314632 38
6.842314632 39
6.842314632 40
6.842314632 41
6.842314632 42
8.19340807 43
8.19340807 44
8.19340807 45
8.19340807 46
8.358940315 47
8.358940315 48
8.358940315 49
8.358940315 50
8.36606584 51
8.5256461 52
9.815807725 53
9.815807725 54
9.815807725 55
9.815807725 56
11.3386199 57
11.3386199 58
11.3386199 59
11.71333495 60
11.71333495 61
11.71333495 62
11.88888013 63
11.88888013 64
12.02900513 65
12.02900513 66
12.02900513 67
12.34039806 68
12.34039806 69
12.34039806 70
12.34039806 71
12.34039806 72
12.35573782 73
12.35573782 74
12.35573782 75
12.35573782 76
12.35573782 77
12.35573782 78
12.35573782 79
12.35573782 80
12.35573782 81
12.35573782 82
12.35573782 83
12.35573782 84
12.35573782 85
12.39370478 86
12.39370478 87
12.39370478 88
12.39370478 89
12.50866406 90
12.50866406 91
12.50866406 92
12.50866406 93
12.51707416 94
12.51707416 95
12.62123791 96
12.62123791 97
12.79767828 98
12.79767828 99
12.79767828 100
12.79767828 101
12.79767828 102
12.84140565 103
12.84140565 104
12.84140565 105
12.85784197 106
12.90079807 107
12.90079807 108
12.90079807 109
12.90079807 110
12.90079807 111
12.90079807 112
12.90079807 113
12.90079807 114
12.90079807 115
12.90079807 116
12.90079807 117
12.90079807 118
12.90079807 119
12.90079807 120
12.90079807 121
12.90079807 122
12.90627517 123
12.90627517 124
12.90627517 125
12.90627517 126
12.91441023 127
12.91441023 128
12.91441023 129
12.91441023 130
12.91441023 131
12.91441023 132
12.91441023 133
12.91441023 134
12.91441023 135
12.97601409 136
12.97601409 137
12.97601409 138
12.97601409 139
12.97601409 140
12.97601409 141
13.00579956 142
13.00579956 143
13.00579956 144
13.00579956 145
13.01572346 146
13.01572346 147
13.01572346 148
13.01572346 149
13.01572346 150
13.01572346 151
13.01572346 152
13.01572346 153
13.01572346 154
13.01572346 155
13.01572346 156
13.0171248 157
13.02568516 158
13.02568516 159
13.02568516 160
13.02568516 161
13.02568516 162
13.02568516 163
13.02568516 164
13.02568516 165
13.02568516 166
13.02568516 167
13.02568516 168
13.02568516 169
13.02568516 170
13.02568516 171
13.02568516 172
13.02568516 173
13.02568516 174
13.02568516 175
13.02568516 176
13.02568516 177
13.02861401 178
13.02861401 179
13.03246835 180
13.05881055 181
13.07273295 182
13.08128255 183
13.08587046 184
13.08785344 185
13.08846322 186
13.08883228 187
13.08906195 188
13.08920815 189
13.08920815 190
13.08920815 191
13.08920815 192
13.08920815 193
13.08920815 194
13.08920815 195
13.08920815 196
13.08920815 197
13.08920815 198
13.08920815 199
13.08920815 200
13.08920815 201
13.08920815 202
13.08920815 203
13.08920815 204
13.08920815 205
13.08920815 206
13.08920815 207
13.08920815 208
13.08920815 209
13.08920815 210
13.08920815 211
13.08920815 212
13.08920815 213
13.08920815 214
13.08920815 215
13.08920815 216
13.08920815 217
13.08920815 218
13.08923098 219
13.08923098 220
13.08923098 221
13.08923098 222
13.08923098 223
13.08960693 224
13.08960693 225
13.08960693 226
13.08960693 227
13.08960693 228
13.08960693 229
13.08960693 230
13.08960693 231
13.08960693 232
13.08960693 233
13.08960693 234
13.08960693 235
13.08960693 236
13.08960693 237
13.08960693 238
13.08960693 239
13.08960693 240
13.08960693 241
13.08960693 242
13.08960693 243
13.08960693 244
13.08960693 245
13.08960693 246
13.09113192 247
13.09113192 248
13.09113192 249
13.09113192 250
13.09113192 251
13.09113192 252
13.09113192 253
13.09113192 254
13.09113192 255
13.09113192 256
13.09113192 257
13.09113192 258
13.09113192 259
13.09113192 260
13.09113192 261
13.09113192 262
13.09113192 263
13.09113192 264
13.09113192 265
13.09113192 266
13.09113192 267
13.09113192 268
13.09113192 269
13.09113192 270
13.09113192 271
13.09113192 272
13.09113192 273
13.09113192 274
13.09113192 275
13.09113192 276
13.09113192 277
13.09758246 278
13.09758246 279
13.09758246 280
13.09758246 281
13.09758246 282
13.09758246 283
13.09758246 284
13.09758246 285
13.09758246 286
13.09758246 287
13.09758246 288
13.09758246 289
13.09758246 290
13.09758246 291
13.09758246 292
13.09758246 293
13.09758246 294
13.09758246 295
13.09758246 296
13.09758246 297
13.09758246 298
13.09758246 299
13.09758246 300
13.09758246 301
13.09758246 302
13.09758246 303
13.09758246 304
13.09758246 305
13.09758246 306
13.09758246 307
13.09758246 308
13.09758246 309
13.09758246 310
13.09758246 311
13.09758246 312
13.09758246 313
13.09758246 314
13.09758246 315
13.09758246 316
13.09758246 317
13.09758246 318
13.09890861 319
13.09890861 320
13.09890861 321
13.09890861 322
13.09890861 323
13.09890861 324
13.09890861 325
13.09890861 326
13.09890861 327
13.09890861 328
13.09890861 329
13.09890861 330
13.09890861 331
13.09890861 332
13.09890861 333
13.09890861 334
13.09890861 335
13.09890861 336
13.09890861 337
13.09890861 338
13.09890861 339
13.09890861 340
13.09890861 341
13.09890861 342
13.09890861 343
13.09890861 344
13.09890861 345
13.09890861 346
13.09890861 347
13.09890861 348
13.09890861 349
13.09890861 350
13.09890861 351
13.09890861 352
13.09890861 353
13.09890861 354
13.09890861 355
13.09890861 356
13.09890861 357
13.09890861 358
13.09890861 359
13.09890861 360
13.09890861 361
13.09890861 362
13.09890861 363
13.09890861 364
13.09890861 365
13.09890861 366
13.09890861 367
13.09890861 368
13.09890861 369
13.09890861 370
13.09890861 371
13.09890861 372
13.09890861 373
13.09890861 374
13.09890861 375
13.09890861 376
13.09890861 377
13.09890861 378
13.09890861 379
13.09890861 380
13.09890861 381
13.09890861 382
13.09890861 383
13.09890861 384
13.09890861 385
13.09890861 386
13.09890861 387
13.09890861 388
13.09890861 389
13.09890861 390
13.09890861 391
13.09890861 392
13.09890861 393
13.09890861 394
13.09890861 395
13.09890861 396
13.09890861 397
13.09890861 398
13.09890861 399
13.09890861 400
13.09890861 401
13.09890861 402
13.09890861 403
13.09890861 404
13.09890861 405
13.09890861 406
13.09890861 407
13.09890861 408
13.09890861 409
13.09890861 410
13.09890861 411
13.09890861 412
13.09890861 413
13.09890861 414
13.09890861 415
13.09890861 416
13.09890861 417
13.09890861 418
13.09890861 419
13.09890861 420
13.09890861 421
13.09890861 422
13.09890861 423
13.09890861 424
13.09890861 425
13.09890861 426
13.09890861 427
13.09890861 428
13.09890861 429
13.09890861 430
13.09890861 431
13.09890861 432
13.09890861 433
13.09890861 434
13.09890861 435
13.09890861 436
13.09890861 437
13.09890861 438
13.09890861 439
13.09890861 440
13.09890861 441
13.09890861 442
13.09890861 443
13.09890861 444
13.09890861 445
13.09890861 446
13.09890861 447
13.09890861 448
13.09890861 449
13.09890861 450
13.09890861 451
13.09890861 452
13.09890861 453
13.09890861 454
13.09890861 455
13.09890861 456
13.09890861 457
13.09890861 458
13.09890861 459
13.09890861 460
13.09890861 461
13.09890861 462
13.09890861 463
13.09890861 464
13.09890861 465
13.09890861 466
13.09890861 467
13.09890861 468
13.09890861 469
13.09890861 470
13.09890861 471
13.09890861 472
13.09890861 473
13.09943355 474
13.09943355 475
13.09943355 476
13.09943355 477
13.09943355 478
13.09962223 479
13.09962223 480
13.09962223 481
13.09962223 482
13.09962223 483
13.09962223 484
13.09962223 485
13.09962223 486
13.09962223 487
13.09962223 488
13.09962223 489
13.09962223 490
13.09962223 491
13.09962223 492
13.09962223 493
13.09962223 494
13.09962223 495
13.09962223 496
13.09962223 497
13.09962223 498
13.09962223 499
13.09962223 500
13.09962223 501
13.09962223 502
13.09962223 503
13.09962223 504
13.09962223 505
13.09962223 506
13.09962223 507
13.09962223 508
13.09962223 509
13.09962223 510
13.09962223 511
13.09962223 512
13.09962223 513
13.09962223 514
13.09962223 515
13.09962223 516
13.09962223 517
13.09962223 518
13.09965448 519
13.09965448 520
13.09965448 521
13.09965448 522
13.09965448 523
13.09965448 524
13.09965448 525
13.09965448 526
13.09965448 527
13.09965448 528
13.09965448 529
13.09965448 530
13.09965448 531
13.09965448 532
13.09965448 533
13.09965448 534
13.09965448 535
13.09965448 536
13.09965448 537
13.09965448 538
13.09965448 539
13.09965448 540
13.09965448 541
13.09965448 542
13.09965448 543
13.09965448 544
13.09965448 545
13.09965448 546
13.09965448 547
13.09965448 548
13.10000339 549
13.10000536 550
13.10000536 551
13.10000536 552
13.10000536 553
13.10000536 554
13.10000536 555
13.10000536 556
13.10000536 557
13.10000536 558
13.10000536 559
13.10000536 560
13.10000536 561
13.10000536 562
13.10000536 563
13.10000536 564
13.10000536 565
13.10000536 566
13.10000536 567
13.10000536 568
13.10000536 569
13.10026674 570
13.10026674 571
13.10026674 572
13.10026674 573
13.10026674 574
13.10026674 575
13.10026674 576
13.10026674 577
13.10026674 578
13.10026674 579
13.10026674 580
13.10026674 581
13.10026674 582
13.10026674 583
13.10026674 584
13.10026674 585
13.10026674 586
13.10130118 587
13.10138146 588
13.10138146 589
13.10138146 590
13.10138146 591
13.10138146 592
13.10138146 593
13.10138146 594
13.10138146 595
13.10138146 596
13.10138146 597
13.10138146 598
13.10138146 599
13.10138146 600
13.10138146 601
13.10138146 602
13.10138146 603
13.10138146 604
13.1016205 605
13.1016205 606
13.1016205 607
13.10179402 608
13.10179402 609
13.10179402 610
13.10179402 611
13.10179402 612
13.10179402 613
13.10179402 614
13.10179402 615
13.10179402 616
13.10179402 617
13.10179402 618
13.10179402 619
13.10179402 620
13.10179402 621
13.10179402 622
13.10179402 623
13.10179402 624
13.10179402 625
13.10179402 626
13.10179402 627
13.10179402 628
13.10179402 629
13.10179402 630
13.10179402 631
13.10179402 632
13.10179402 633
13.10179402 634
13.10179402 635
13.10179402 636
13.10179402 637
13.10179402 638
13.10179402 639
13.10179402 640
13.10179402 641
13.10179402 642
13.10179402 643
13.10179402 644
13.10179402 645
13.10179402 646
13.10179402 647
13.10179402 648
13.10257452 649
13.10257452 650
13.10257452 651
13.10257452 652
13.10257452 653
13.10257452 654
13.10257452 655
13.10257452 656
13.10257452 657
13.10257452 658
13.10257452 659
13.10257452 660
13.10257452 661
13.10257452 662
13.10257452 663
13.10257452 664
13.10257452 665
13.10257452 666
13.10257452 667
13.10257452 668
13.10257452 669
13.10257452 670
13.10257452 671
13.10257452 672
13.10257452 673
13.10257452 674
13.10257452 675
13.10257452 676
13.10257452 677
13.10257452 678
13.10260641 679
13.10260641 680
13.10260641 681
13.10260641 682
13.10260641 683
13.10260641 684
13.10260641 685
13.10260641 686
13.10260641 687
13.10260641 688
13.10260641 689
13.10280919 690
13.10344889 691
13.10360561 692
13.10365998 693
13.10367916 694
13.10368596 695
13.10368837 696
13.10368922 697
13.10368953 698
13.10368963 699
13.10368963 700
13.10368963 701
13.10368963 702
13.10368963 703
13.10368963 704
13.10387236 705
13.10399992 706
13.10399992 707
13.10402558 708
13.10403786 709
13.10403786 710
13.10403786 711
13.10403786 712
13.10403786 713
13.10403786 714
13.10403786 715
13.10403786 716
13.10403786 717
13.10403786 718
13.10409921 719
13.10409921 720
13.10409921 721
13.10409921 722
13.10409921 723
13.10409921 724
13.10409921 725
13.10409921 726
13.10409921 727
13.10409921 728
13.10409921 729
13.10409921 730
13.10409921 731
13.10409921 732
13.10409921 733
13.10409921 734
13.10409921 735
13.10409921 736
13.10409921 737
13.10409921 738
13.10409921 739
13.10409921 740
13.10409921 741
13.10409921 742
13.10409921 743
13.10409921 744
13.10409921 745
13.10409921 746
13.10409921 747
13.10409921 748
13.10409921 749
13.10409921 750
13.10409921 751
13.10409921 752
13.10409921 753
13.10409921 754
13.10409921 755
13.10409921 756
13.10409921 757
13.10409921 758
13.10409921 759
13.10409921 760
13.10409921 761
13.10409921 762
13.10409921 763
13.10409921 764
13.10409921 765
13.10409921 766
13.10409921 767
13.10412655 768
13.10412655 769
13.10412655 770
13.10412655 771
13.10412655 772
13.10412655 773
13.10412655 774
13.10412655 775
13.10412655 776
13.10412655 777
13.10420074 778
13.10436367 779
13.10436367 780
13.10436367 781
13.10436367 782
13.10436367 783
13.10436367 784
13.10436367 785
13.10436367 786
13.10436367 787
13.10436367 788
13.10436367 789
13.10436367 790
13.10436367 791
13.10436367 792
13.10436367 793
13.10436367 794
13.10436367 795
13.10436367 796
13.10436367 797
13.10436714 798
13.10436714 799
13.10436714 800
13.10436714 801
13.10436714 802
13.10436714 803
13.10436714 804
13.10436714 805
13.10436714 806
13.10436714 807
13.10436714 808
13.10436714 809
13.10436714 810
13.10436714 811
13.10436714 812
13.10436714 813
13.10436714 814
13.10436714 815
13.10444528 816
13.10444528 817
13.10444528 818
13.10444528 819
13.10444528 820
13.10444528 821
13.10444528 822
13.10444528 823
13.10444528 824
13.10444528 825
13.10444528 826
13.10444528 827
13.10449149 828
13.10449149 829
13.10449149 830
13.10449149 831
13.10449149 832
13.10449149 833
13.10449149 834
13.10449149 835
13.10449149 836
13.10449149 837
13.10449149 838
13.10449149 839
13.10449149 840
13.10449149 841
13.10449149 842
13.10449149 843
13.10449149 844
13.10449149 845
13.10449149 846
13.10449149 847
13.10449149 848
13.10449149 849
13.10449149 850
13.10449149 851
13.10449149 852
13.10449149 853
13.10449149 854
13.10449149 855
13.10449149 856
13.10449149 857
13.10451152 858
13.10451152 859
13.10451152 860
13.10451152 861
13.10451152 862
13.10451152 863
13.10451152 864
13.10451152 865
13.10451152 866
13.10451152 867
13.10451152 868
13.10457263 869
13.10457263 870
13.10457263 871
13.10457263 872
13.10457263 873
13.10457263 874
13.10457263 875
13.10457263 876
13.10457263 877
13.10457263 878
13.10457263 879
13.10457263 880
13.10457263 881
13.10457263 882
13.10457263 883
13.10457263 884
13.10457263 885
13.10457263 886
13.10457263 887
13.10457263 888
13.10457263 889
13.10457263 890
13.10457263 891
13.10457263 892
13.10457263 893
13.10457263 894
13.10457263 895
13.10457263 896
13.10457263 897
13.10457263 898
13.10457263 899
13.10457263 900
13.10457263 901
13.10457263 902
13.10457263 903
13.10457263 904
13.10457263 905
13.10457263 906
13.10457263 907
13.10457263 908
13.10457449 909
13.10457449 910
13.10457449 911
13.10457449 912
13.10457449 913
13.10457449 914
13.10457449 915
13.10457449 916
13.10457449 917
13.10459275 918
13.10459883 919
13.10459883 920
13.10459883 921
13.10459883 922
13.10459883 923
13.10459883 924
13.10459883 925
13.10459883 926
13.10459883 927
13.10459883 928
13.10459883 929
13.10459883 930
13.10459883 931
13.10459883 932
13.10459883 933
13.10459883 934
13.10459883 935
13.10459883 936
13.10459883 937
13.10459883 938
13.10459883 939
13.10459883 940
13.10459883 941
13.10459883 942
13.10459883 943
13.10459883 944
13.10459883 945
13.10459883 946
13.10459883 947
13.10459883 948
13.10459883 949
13.10459883 950
13.10459883 951
13.10459883 952
13.10459883 953
13.10459883 954
13.10459992 955
13.10459992 956
13.10460349 957
13.10460768 958
13.10460847 959
13.10460847 960
13.10460847 961
13.10460847 962
13.10460847 963
13.10460847 964
13.10460847 965
13.10460847 966
13.10460847 967
13.10460847 968
13.10460847 969
13.10460847 970
13.10460847 971
13.10460847 972
13.10460847 973
13.10460847 974
13.10460847 975
13.10460847 976
13.10460847 977
13.10460847 978
13.10460847 979
13.10460847 980
13.10460847 981
13.10460847 982
13.10460847 983
13.10460847 984
13.10460847 985
13.10460847 986
13.10460847 987
13.10460847 988
13.10460847 989
13.104773 990
13.104773 991
13.104773 992
13.104773 993
13.104773 994
13.104773 995
13.104773 996
13.104773 997
13.104773 998
13.104773 999
13.104773 1000
