-17.85938483 1
-17.85938483 2
-17.85938483 3
-17.85938483 4
-17.85938483 5
-13.38312855 6
-10.71790102 7
-10.71790102 8
-10.71790102 9
-5.909705219 10
-5.909705219 11
-5.909705219 12
-5.909705219 13
-5.909705219 14
-5.909705219 15
-5.909705219 16
-5.909705219 17
-5.814292873 18
-5.814292873 19
-5.814292873 20
-5.814292873 21
1.069472748 22
1.069472748 23
1.069472748 24
1.069472748 25
1.069472748 26
1.069472748 27
1.069472748 28
1.069472748 29
1.069472748 30
1.069472748 31
1.069472748 32
1.069472748 33
1.069472748 34
1.069472748 35
1.069472748 36
1.069472748 37
1.069472748 38
1.069472748 39
1.069472748 40
1.069472748 41
2.190344259 42
2.190344259 43
2.190344259 44
2.190344259 45
2.190344259 46
2.190344259 47
2.190344259 48
2.190344259 49
2.304639258 50
2.304639258 51
2.304639258 52
2.304639258 53
3.136373708 54
3.136373708 55
4.170870848 56
4.170870848 57
4.170870848 58
4.170870848 59
4.699648922 60
5.657570348 61
5.657570348 62
5.657570348 63
5.657570348 64
6.15105691 65
6.362275789 66
6.362275789 67
6.401189415 68
6.717221385 69
6.717221385 70
6.717221385 71
6.717221385 72
6.717221385 73
7.14469028 74
7.14469028 75
7.14469028 76
7.146253315 77
7.146253315 78
7.146253315 79
7.217599791 80
7.217599791 81
7.217599791 82
7.217599791 83
7.217599791 84
7.217599791 85
7.217599791 86
7.217599791 87
7.217599791 88
7.217599791 89
7.217599791 90
7.217599791 91
7.217599791 92
7.249542667 93
7.249542667 94
7.249542667 95
7.249542667 96
7.249542667 97
7.249542667 98
7.249542667 99
7.249542667 100
7.249542667 101
7.249542667 102
7.249542667 103
7.25485054 104
7.25485054 105
7.25485054 106
7.25485054 107
7.25485054 108
7.25485054 109
7.26419557 110
7.27223704 111
7.27223704 112
7.27223704 113
7.27223704 114
7.27223704 115
7.279161099 116
7.279161099 117
7.282350241 118
7.282627967 119
7.282627967 120
7.282627967 121
7.282627967 122
7.285023336 123
7.285023336 124
7.285023336 125
7.289787165 126
7.291404093 127
7.291790481 128
7.292846334 129
7.292846334 130
7.292846334 131
7.293646675 132
7.295205349 133
7.295631006 134
7.297609767 135
7.301834039 136
7.301834039 137
7.301834039 138
7.301834039 139
7.301834039 140
7.301834039 141
7.301834039 142
7.301834039 143
7.301834039 144
7.301834039 145
7.301834039 146
7.301834039 147
7.301834039 148
7.301834039 149
7.303112952 150
7.303112952 151
7.303112952 152
7.303112952 153
7.303112952 154
7.303882326 155
7.304624099 156
7.307320141 157
7.310466084 158
7.312889824 159
7.312889824 160
7.312889824 161
7.317680037 162
7.317680037 163
7.317680037 164
7.317680037 165
7.318681624 166
7.318681624 167
7.318681624 168
7.319053214 169
7.319053214 170
7.319053214 171
7.319053214 172
7.319053214 173
7.320833139 174
7.320833139 175
7.320833139 176
7.320833139 177
7.320833139 178
7.320833139 179
7.320833139 180
7.320833139 181
7.320833139 182
7.320833139 183
7.320833139 184
7.320833139 185
7.320833139 186
7.320833139 187
7.320833139 188
7.320833139 189
7.320833139 190
7.320833139 191
7.320833139 192
7.320833139 193
7.320833139 194
7.320833139 195
7.320833139 196
7.320833139 197
7.320833139 198
7.320833139 199
7.320833139 200
7.320833139 201
7.320833139 202
7.320833139 203
7.320833139 204
7.320833139 205
7.320833139 206
7.320833139 207
7.320833139 208
7.320833139 209
7.320833139 210
7.320833139 211
7.320833139 212
7.320833139 213
7.320833139 214
7.320833139 215
7.320833139 216
7.320833139 217
7.320833139 218
7.320833139 219
7.320833139 220
7.320833139 221
7.320833139 222
7.320833139 223
7.320833139 224
7.320833139 225
7.320833139 226
7.320833139 227
7.320833139 228
7.321047495 229
7.444188157 230
7.466835037 231
7.466835037 232
7.466835037 233
7.466835037 234
7.466835037 235
7.466835037 236
7.466835037 237
7.466835037 238
7.466835037 239
7.466835037 240
7.466835037 241
7.466835037 242
7.466835037 243
7.466835037 244
7.466835037 245
7.466835037 246
7.466835037 247
7.466835037 248
7.466835037 249
7.466835037 250
7.466835037 251
7.466835037 252
7.466835037 253
7.466835037 254
7.466835037 255
7.466835037 256
7.466835037 257
7.466835037 258
7.466835037 259
7.466835037 260
7.466835037 261
7.466835037 262
7.466835037 263
7.466835037 264
7.466835037 265
7.47778788 266
7.495054838 267
7.506812141 268
7.506812141 269
7.537058072 270
7.537058072 271
7.537058072 272
7.537058072 273
7.537058072 274
7.537058072 275
7.537058072 276
7.544712228 277
7.544712228 278
7.544733226 279
7.545650989 280
7.545650989 281
7.546609543 282
7.547460768 283
7.547947467 284
7.548156028 285
7.548156028 286
7.548156028 287
7.548156028 288
7.549138913 289
7.549138913 290
7.549348693 291
7.549503299 292
7.549503299 293
7.550936573 294
7.550936573 295
7.551461186 296
7.551461186 297
7.551461186 298
7.551461186 299
7.551461186 300
7.551976299 301
7.551976299 302
7.553252705 303
7.553252705 304
7.553252705 305
7.553252705 306
7.553252705 307
7.553308519 308
7.553385801 309
7.553385801 310
7.553385801 311
7.553385801 312
7.553385801 313
7.553385801 314
7.553442311 315
7.553442311 316
7.553442311 317
7.553442311 318
7.553459083 319
7.553459083 320
7.553459083 321
7.553459083 322
7.553459083 323
7.553459083 324
7.553459083 325
7.553459083 326
7.553459083 327
7.553459083 328
7.553459083 329
7.553459083 330
7.553459083 331
7.553459083 332
7.553459083 333
7.553459083 334
7.553459083 335
7.553459083 336
7.553459083 337
7.553459083 338
7.553459083 339
7.553459083 340
7.553459083 341
7.553459083 342
7.553459083 343
7.553459083 344
7.553459083 345
7.553459083 346
7.553459083 347
7.553459083 348
7.553459083 349
7.553459083 350
7.553459083 351
7.553459083 352
7.553459083 353
7.553459083 354
7.553459083 355
7.553459083 356
7.553459083 357
7.553459083 358
7.553459083 359
7.553459083 360
7.553459083 361
7.553459083 362
7.553459083 363
7.553459083 364
7.553459083 365
7.553459083 366
7.553459083 367
7.553459083 368
7.553459083 369
7.553459083 370
7.553459083 371
7.553459083 372
7.553459083 373
7.553459083 374
7.553459083 375
7.553459083 376
7.553459083 377
7.553459083 378
7.553459083 379
7.553459083 380
7.553459083 381
7.553459083 382
7.553459083 383
7.553459083 384
7.553459083 385
7.553459083 386
7.553459083 387
7.553459083 388
7.553459083 389
7.573189806 390
7.573189806 391
7.573189806 392
7.573189806 393
7.573189806 394
7.573189806 395
7.573189806 396
7.573189806 397
7.573189806 398
7.573189806 399
7.573189806 400
7.573189806 401
7.573189806 402
7.573189806 403
7.573189806 404
7.573189806 405
7.573189806 406
7.573189806 407
7.573189806 408
7.573189806 409
7.573189806 410
7.573189806 411
7.573189806 412
7.573189806 413
7.573189806 414
7.573189806 415
7.573189806 416
7.579015107 417
7.579015107 418
7.579015107 419
7.579015107 420
7.579938111 421
7.579938111 422
7.579938111 423
7.579938111 424
7.579938111 425
7.579938111 426
7.579938111 427
7.579938111 428
7.579938111 429
7.579938111 430
7.579938111 431
7.579938111 432
7.579938111 433
7.579938111 434
7.579938111 435
7.579938111 436
7.579938111 437
7.579938111 438
7.579938111 439
7.579938111 440
7.579938111 441
7.579938111 442
7.579938111 443
7.579938111 444
7.579938111 445
7.58004977 446
7.58004977 447
7.58004977 448
7.581556803 449
7.581556803 450
7.581556803 451
7.581556803 452
7.581556803 453
7.581556803 454
7.581556803 455
7.581556803 456
7.581556803 457
7.581556803 458
7.581556803 459
7.581556803 460
7.581556803 461
7.581556803 462
7.581556803 463
7.581556803 464
7.581556803 465
7.581556803 466
7.582788586 467
7.582788586 468
7.582788586 469
7.582788586 470
7.582788586 471
7.582788586 472
7.582788586 473
7.582788586 474
7.582788586 475
7.582788586 476
7.582788586 477
7.582788586 478
7.582788586 479
7.582788586 480
7.582788586 481
7.582788586 482
7.582788586 483
7.582788586 484
7.582788586 485
7.582788586 486
7.582788586 487
7.582788586 488
7.582788586 489
7.582788586 490
7.582788586 491
7.582788586 492
7.582788586 493
7.582788586 494
7.582788586 495
7.582788586 496
7.582788586 497
7.582788586 498
7.582788586 499
7.582788586 500
7.582788586 501
7.582788586 502
7.582788586 503
7.582788586 504
7.582788586 505
7.582788586 506
7.582788586 507
7.582788586 508
7.582831757 509
7.582831757 510
7.582831757 511
7.582831757 512
7.582831757 513
7.582831757 514
7.582831757 515
7.582831757 516
7.583038052 517
7.583263467 518
7.583263467 519
7.583263467 520
7.583263467 521
7.583263467 522
7.583263467 523
7.583263467 524
7.583263467 525
7.583263467 526
7.583263467 527
7.583263467 528
7.583263467 529
7.583263467 530
7.583263467 531
7.583263467 532
7.583263467 533
7.583263467 534
7.583263467 535
7.583292297 536
7.583292297 537
7.583294603 538
7.583294603 539
7.583294603 540
7.583294603 541
7.583294603 542
7.583294603 543
7.583294603 544
7.583294603 545
7.583294603 546
7.583294603 547
7.58395557 548
7.58395557 549
7.58395557 550
7.58395557 551
7.58395557 552
7.58395557 553
7.58395557 554
7.58395557 555
7.58395557 556
7.58395557 557
7.58395557 558
7.58395557 559
7.58395557 560
7.58395557 561
7.58395557 562
7.58395557 563
7.58395557 564
7.58395557 565
7.58395557 566
7.58395557 567
7.58395557 568
7.58395557 569
7.58395557 570
7.58395557 571
7.58395557 572
7.58395557 573
7.58395557 574
7.58395557 575
7.58395557 576
7.58395557 577
7.58395557 578
7.58395557 579
7.58395557 580
7.58395557 581
7.58395557 582
7.58395557 583
7.58395557 584
7.58395557 585
7.58395557 586
7.58395557 587
7.58395557 588
7.58395557 589
7.58395557 590
7.58395557 591
7.58395557 592
7.58395557 593
7.58395557 594
7.58395557 595
7.58395557 596
7.58395557 597
7.584031061 598
7.584031061 599
7.584031061 600
7.584031061 601
7.584031061 602
7.584031061 603
7.584031061 604
7.584031061 605
7.584031061 606
7.584031061 607
7.584031061 608
7.584031061 609
7.584031061 610
7.584031061 611
7.584031061 612
7.584031061 613
7.584031061 614
7.584031061 615
7.584031061 616
7.584031061 617
7.584031061 618
7.584034882 619
7.584034882 620
7.584034882 621
7.584034882 622
7.584034882 623
7.584034882 624
7.584034882 625
7.584034882 626
7.584034882 627
7.584034882 628
7.584034882 629
7.584034882 630
7.584034882 631
7.584034882 632
7.584034882 633
7.584034882 634
7.584034882 635
7.584034882 636
7.584034882 637
7.584034882 638
7.584034882 639
7.584034882 640
7.584034882 641
7.584034882 642
7.584034882 643
7.584034882 644
7.584034882 645
7.584034882 646
7.584034882 647
7.584034882 648
7.584034882 649
7.584034882 650
7.584034882 651
7.584034882 652
7.584034882 653
7.584034882 654
7.584034882 655
7.584034882 656
7.584034882 657
7.584034882 658
7.584034882 659
7.584034882 660
7.584034882 661
7.584034882 662
7.584034882 663
7.584034882 664
7.584034882 665
7.584034882 666
7.584034882 667
7.584034882 668
7.584034882 669
7.584034882 670
7.584034882 671
7.584034882 672
7.584034882 673
7.584034882 674
7.584034882 675
7.584034882 676
7.584034882 677
7.584034882 678
7.584395979 679
7.584395979 680
7.584395979 681
7.584395979 682
7.584395979 683
7.584395979 684
7.584395979 685
7.584395979 686
7.584395979 687
7.584395979 688
7.584395979 689
7.584395979 690
7.584395979 691
7.584395979 692
7.584395979 693
7.584395979 694
7.584395979 695
7.584395979 696
7.584395979 697
7.584629617 698
7.584629617 699
7.584629617 700
7.584629617 701
7.584629617 702
7.584629617 703
7.584629617 704
7.584629617 705
7.584629617 706
7.584629617 707
7.584629617 708
7.584629617 709
7.584629617 710
7.584629617 711
7.584629617 712
7.584629617 713
7.584629617 714
7.584629617 715
7.584629617 716
7.584629617 717
7.584629617 718
7.584629617 719
7.584629617 720
7.584629617 721
7.584629617 722
7.584629617 723
7.584629617 724
7.584629617 725
7.584629617 726
7.584629617 727
7.584629617 728
7.584629617 729
7.584629617 730
7.584629617 731
7.584629617 732
7.584629617 733
7.584629617 734
7.584629617 735
7.584629617 736
7.584629617 737
7.584629617 738
7.584629617 739
7.584629617 740
7.584629617 741
7.584629617 742
7.584629617 743
7.584629617 744
7.584629617 745
7.584629617 746
7.584629617 747
7.584629617 748
7.584629617 749
7.584629617 750
7.584629617 751
7.584629617 752
7.584629617 753
7.584629617 754
7.584629617 755
7.584629617 756
7.584629617 757
7.584629617 758
7.584629617 759
7.584629617 760
7.584629617 761
7.584629617 762
7.584629617 763
7.584629617 764
7.584629617 765
7.58481934 766
7.584841773 767
7.584841773 768
7.584841773 769
7.584841773 770
7.584841773 771
7.584841773 772
7.584841773 773
7.584841773 774
7.584841773 775
7.584841773 776
7.584841773 777
7.584841773 778
7.584841773 779
7.584841773 780
7.584841773 781
7.584841773 782
7.584841773 783
7.584841773 784
7.584841773 785
7.584841773 786
7.584841773 787
7.584841773 788
7.584841773 789
7.584841773 790
7.584841773 791
7.584841773 792
7.584841773 793
7.584841773 794
7.584841773 795
7.584841773 796
7.584841773 797
7.584841773 798
7.584841773 799
7.584841773 800
7.584841773 801
7.584841773 802
7.584841773 803
7.584841773 804
7.584841773 805
7.584841773 806
7.584841773 807
7.584841773 808
7.584841773 809
7.584841773 810
7.584841773 811
7.584841773 812
7.584841773 813
7.584841773 814
7.584841773 815
7.584841773 816
7.584841773 817
7.584841773 818
7.584841773 819
7.59055827 820
7.59055827 821
7.59055827 822
7.59055827 823
7.59055827 824
7.59055827 825
7.59055827 826
7.59055827 827
7.59055827 828
7.59055827 829
7.59055827 830
7.59055827 831
7.59055827 832
7.59055827 833
7.590620399 834
7.590620399 835
7.590782314 836
7.590860512 837
7.590892245 838
7.591208506 839
7.591208506 840
7.591208506 841
7.591208506 842
7.591208506 843
7.591208506 844
7.592251689 845
7.59271044 846
7.59271044 847
7.592794597 848
7.592971582 849
7.592971582 850
7.592971582 851
7.592971582 852
7.592971582 853
7.592971582 854
7.592971582 855
7.592971582 856
7.592971582 857
7.592971582 858
7.592971582 859
7.592971582 860
7.592971582 861
7.592971582 862
7.592971582 863
7.592971582 864
7.592971582 865
7.592971582 866
7.593003843 867
7.593003843 868
7.593003843 869
7.593003843 870
7.593003843 871
7.593003843 872
7.593003843 873
7.593003843 874
7.593003843 875
7.593003843 876
7.593003843 877
7.593003843 878
7.593003843 879
7.593003843 880
7.593003843 881
7.593003843 882
7.593003843 883
7.593003843 884
7.593003843 885
7.593003843 886
7.593003843 887
7.59304944 888
7.59304944 889
7.59304944 890
7.59304944 891
7.59304944 892
7.59304944 893
7.59304944 894
7.59304944 895
7.59304944 896
7.59304944 897
7.59304944 898
7.593050986 899
7.593050986 900
7.593050986 901
7.593050986 902
7.593050986 903
7.593050986 904
7.593050986 905
7.593050986 906
7.593050986 907
7.593050986 908
7.593050986 909
7.593050986 910
7.593050986 911
7.593050986 912
7.593050986 913
7.593050986 914
7.593050986 915
7.593050986 916
7.593050986 917
7.593050986 918
7.593050986 919
7.593050986 920
7.593050986 921
7.593050986 922
7.593050986 923
7.593050986 924
7.593050986 925
7.593050986 926
7.593050986 927
7.593050986 928
7.593050986 929
7.593050986 930
7.593050986 931
7.593050986 932
7.593050986 933
7.593050986 934
7.593050986 935
7.593050986 936
7.593111665 937
7.593111665 938
7.593150148 939
7.593150148 940
7.593150148 941
7.593150148 942
7.593150148 943
7.593150148 944
7.593150148 945
7.593150148 946
7.593150148 947
7.593150148 948
7.593189221 949
7.593189221 950
7.593189221 951
7.593189221 952
7.593189221 953
7.593189221 954
7.593189221 955
7.593189221 956
7.593189221 957
7.593198384 958
7.593218151 959
7.593218151 960
7.593218151 961
7.593218151 962
7.593218151 963
7.593218151 964
7.593218151 965
7.593218151 966
7.593218151 967
7.593218151 968
7.593218151 969
7.593218151 970
7.593218151 971
7.593218151 972
7.593218151 973
7.593218151 974
7.593218151 975
7.593218151 976
7.593218151 977
7.593218151 978
7.593218151 979
7.593218151 980
7.593218151 981
7.593218151 982
7.593218151 983
7.593218151 984
7.593218151 985
7.593218151 986
7.593218151 987
7.593218151 988
7.593244194 989
7.593244194 990
7.593244194 991
7.593244194 992
7.593244194 993
7.593244194 994
7.593244194 995
7.593244194 996
7.593244194 997
7.593244194 998
7.593244194 999
7.593244194 1000
