-94.7769417 2
-58.37345728 3
-58.37345728 4
-46.64671291 5
-35.24963598 6
-27.23010804 7
-25.04350052 8
-25.04350052 9
-17.17898029 10
-17.17898029 11
-4.626368381 12
-1.508411632 13
-1.508411632 14
-1.508411632 15
-1.508411632 16
-1.508411632 17
1.110215114 18
2.330746377 19
2.330746377 20
2.330746377 21
2.330746377 22
3.309626574 23
3.309626574 24
3.309626574 25
3.309626574 26
3.309626574 27
3.309626574 28
4.923152469 29
4.923152469 30
4.923152469 31
4.923152469 32
4.923152469 33
4.923152469 34
4.923152469 35
4.923152469 36
4.923152469 37
4.923152469 38
4.923152469 39
4.923152469 40
4.923152469 41
4.923152469 42
4.923152469 43
4.923152469 44
4.923152469 45
4.923152469 46
4.923152469 47
4.923152469 48
4.923152469 49
4.923152469 50
4.923152469 51
4.923152469 52
4.923152469 53
4.923152469 54
4.923152469 55
4.923152469 56
4.923152469 57
5.139344404 58
5.139344404 59
5.139344404 60
5.139344404 61
5.447689138 62
5.447689138 63
5.447689138 64
5.447689138 65
5.447689138 66
5.447689138 67
5.447689138 68
5.491883491 69
5.491883491 70
5.491883491 71
5.491883491 72
5.491883491 73
5.491883491 74
5.491883491 75
5.491883491 76
5.491883491 77
5.491883491 78
5.491883491 79
5.491883491 80
5.491883491 81
5.491883491 82
5.491883491 83
5.491883491 84
5.491883491 85
5.491883491 86
5.491883491 87
5.491883491 88
5.491883491 89
5.491883491 90
5.491883491 91
5.491883491 92
5.491883491 93
5.491883491 94
5.491883491 95
5.549610945 96
5.549610945 97
5.549610945 98
5.549610945 99
5.549610945 100
6.779299927 101
6.779299927 102
6.779299927 103
6.779299927 104
6.779299927 105
6.779299927 106
6.779299927 107
6.779299927 108
6.779299927 109
6.779299927 110
6.779299927 111
6.779299927 112
6.779299927 113
6.779299927 114
6.779299927 115
6.779299927 116
6.779299927 117
6.779299927 118
6.779299927 119
6.779299927 120
6.779299927 121
6.779299927 122
6.779299927 123
6.779299927 124
6.779299927 125
6.779299927 126
6.779299927 127
6.779299927 128
6.779299927 129
6.779299927 130
6.779299927 131
6.779299927 132
6.779299927 133
6.779299927 134
6.779299927 135
6.779299927 136
6.779299927 137
6.779299927 138
6.779299927 139
6.779299927 140
6.779299927 141
6.779299927 142
6.779299927 143
6.779299927 144
6.791772409 145
6.791772409 146
7.29891421 147
8.513546572 148
8.513546572 149
8.513546572 150
8.513546572 151
8.513546572 152
8.513546572 153
8.513546572 154
8.513546572 155
8.513546572 156
8.513546572 157
8.513546572 158
8.513546572 159
8.513546572 160
8.513546572 161
9.710523827 162
9.710523827 163
11.00153921 164
11.00153921 165
11.00153921 166
11.00153921 167
11.00153921 168
11.00153921 169
11.00153921 170
11.00153921 171
11.00153921 172
11.00153921 173
11.00153921 174
11.00153921 175
11.00153921 176
11.00153921 177
11.55162125 178
11.55162125 179
11.65432899 180
11.65432899 181
11.65432899 182
12.20509235 183
12.20509235 184
12.20509235 185
12.20509235 186
12.20509235 187
12.20509235 188
12.20509235 189
12.20509235 190
12.20509235 191
12.20509235 192
12.20509235 193
12.20509235 194
12.20509235 195
12.20509235 196
12.20509235 197
12.20509235 198
12.20509235 199
12.20509235 200
12.20509235 201
12.20509235 202
12.20509235 203
12.20509235 204
12.20509235 205
12.20509235 206
12.20509235 207
12.20509235 208
12.20509235 209
12.20509235 210
12.23119723 211
12.38428838 212
12.43320617 213
12.43367783 214
12.43367783 215
12.43892003 216
12.44673265 217
12.44673265 218
12.44673265 219
12.44750141 220
12.44750141 221
12.44750141 222
12.44915813 223
12.46226396 224
12.48563846 225
12.48563846 226
12.48563846 227
12.50931457 228
12.53766692 229
12.53766692 230
12.53766692 231
12.53766692 232
12.53766692 233
12.53766692 234
12.53766692 235
12.53766692 236
12.53766692 237
12.53766692 238
12.53766692 239
12.53940439 240
12.54018381 241
12.54018381 242
12.5408442 243
12.5408442 244
12.5408442 245
12.5408442 246
12.5408442 247
12.54102132 248
12.54102132 249
12.54102132 250
12.54102132 251
12.54102132 252
12.54102132 253
12.54102132 254
12.54115139 255
12.54115139 256
12.54115139 257
12.54115139 258
12.54115139 259
12.54115139 260
12.54132159 261
12.54132159 262
12.54137045 263
12.54137045 264
12.54137045 265
12.54580098 266
12.54580098 267
12.54580098 268
12.54580098 269
12.54580098 270
12.54580098 271
12.54580098 272
12.55129926 273
12.55129926 274
12.55129926 275
12.55129926 276
12.55129926 277
12.55129926 278
12.55129926 279
12.55711665 280
12.56070059 281
12.56070059 282
12.56070059 283
12.56070059 284
12.56070059 285
12.56070059 286
12.56341169 287
12.56341169 288
12.56341169 289
12.56341169 290
12.56341169 291
12.56341169 292
12.56341169 293
12.56341169 294
12.56341169 295
12.56341169 296
12.56341169 297
12.56341169 298
12.56341169 299
12.5693881 300
12.57407041 301
12.58020994 302
12.58171341 303
12.58426505 304
12.58469451 305
12.58562422 306
12.58562422 307
12.58562422 308
12.58595056 309
12.58595056 310
12.58992814 311
12.58992814 312
12.59130298 313
12.59224494 314
12.59224494 315
12.59297899 316
12.59297899 317
12.59297899 318
12.59297899 319
12.59297899 320
12.59297899 321
12.59297899 322
12.59297899 323
12.59297899 324
12.59297899 325
12.59297899 326
12.59297899 327
12.59297899 328
12.59317025 329
12.59323851 330
12.59327873 331
12.59329737 332
12.59329737 333
12.59329737 334
12.59329737 335
12.593299 336
12.5933019 337
12.59349745 338
12.59349745 339
12.59349745 340
12.59349745 341
12.59349745 342
12.59349745 343
12.59349745 344
12.59350922 345
12.59350922 346
12.59350922 347
12.59350922 348
12.59363664 349
12.59363664 350
12.59363664 351
12.59363664 352
12.59363664 353
12.5936917 354
12.5936917 355
12.5936917 356
12.59370568 357
12.59372012 358
12.59386924 359
12.59386924 360
12.5940404 361
12.5940404 362
12.5940404 363
12.5940404 364
12.5940404 365
12.5940404 366
12.5940404 367
12.5940404 368
12.5940404 369
12.59404728 370
12.59404728 371
12.59406038 372
12.59426821 373
12.59426821 374
12.59426821 375
12.59426821 376
12.59430896 377
12.59434472 378
12.59439322 379
12.59441946 380
12.59447942 381
12.59461753 382
12.59473823 383
12.59489059 384
12.59493215 385
12.59493215 386
12.59504325 387
12.59520946 388
12.59520946 389
12.59524818 390
12.5953776 391
12.5953776 392
12.5953776 393
12.5953776 394
12.59540292 395
12.59540292 396
12.59546747 397
12.59546747 398
12.59546747 399
12.59546747 400
12.59547296 401
12.59547296 402
12.59547296 403
12.59547296 404
12.59547296 405
12.59547296 406
12.5954859 407
12.5954859 408
12.5954859 409
12.5954859 410
12.5954859 411
12.59548894 412
12.59549025 413
12.59549025 414
12.59549025 415
12.59549138 416
12.59549211 417
12.59549235 418
12.59552674 419
12.59554623 420
12.59555926 421
12.59556303 422
12.59557993 423
12.59559781 424
12.59560246 425
12.59561013 426
12.59561909 427
12.59562109 428
12.59562109 429
12.59562871 430
12.59563004 431
12.59563657 432
12.59563666 433
12.59563789 434
12.59563888 435
12.59563939 436
12.59564073 437
12.59564255 438
12.5956443 439
12.5956447 440
12.59564513 441
12.59564543 442
12.59564609 443
12.59564609 444
12.59564612 445
12.5956467 446
12.59564744 447
12.59565173 448
12.59565201 449
12.59565212 450
12.59565212 451
12.59565506 452
12.59565769 453
12.59565769 454
12.59565769 455
12.59565769 456
12.59565799 457
12.59565799 458
12.59565808 459
12.59565832 460
12.59565844 461
12.5956585 462
12.59565853 463
12.59565855 464
12.59565856 465
12.59565856 466
12.59565856 467
12.59565891 468
12.59565928 469
12.59565928 470
12.59565929 471
12.59565929 472
12.59565929 473
12.59565934 474
12.59565943 475
12.59565947 476
12.59565949 477
12.5956595 478
12.59565951 479
12.59565951 480
12.59565951 481
12.59565951 482
12.59565951 483
12.59565951 484
12.59565951 485
12.59565957 486
12.59565957 487
12.59565979 488
12.59566049 489
12.59566085 490
12.59566085 491
12.5956614 492
12.59566163 493
12.59566163 494
12.59566172 495
12.59566174 496
12.59566181 497
12.59566182 498
12.59566193 499
12.59566194 500
12.59566194 501
12.59566196 502
12.59566201 503
12.59566201 504
12.59566201 505
12.59566201 506
12.59566205 507
12.59566207 508
12.59566207 509
12.59566208 510
12.59566208 511
12.59566209 512
12.5956621 513
12.5956621 514
12.5956621 515
12.5956621 516
12.59566211 517
12.59566211 518
12.59566212 519
12.59566212 520
12.59566212 521
12.59566213 522
12.59566213 523
12.59566213 524
12.59566213 525
12.59566213 526
12.59566214 527
12.59566214 528
12.59566214 529
12.59566214 530
12.59566214 531
12.59566214 532
12.59566214 533
12.59566214 534
12.59566214 535
12.59566214 536
12.59566215 537
12.59566215 538
12.59566215 539
12.59566215 540
12.59566215 541
12.59566215 542
12.59566215 543
12.59566215 544
12.59566215 545
12.59566215 546
12.59566215 547
12.59566215 548
12.59566215 549
12.59566215 550
12.59566215 551
12.59566215 552
12.59566215 553
12.59566215 554
12.59566215 555
12.59566215 556
12.59566215 557
12.59566215 558
12.59566215 559
12.59566215 560
12.59566215 561
12.59566215 562
12.59566215 563
12.59566215 564
12.59566215 565
12.59566215 566
12.59566215 567
12.59566215 568
12.59566215 569
12.59566215 570
12.59566215 571
12.59566215 572
12.59566215 573
12.59566215 574
12.59566215 575
12.59566215 576
12.59566215 577
12.59566215 578
12.59566215 579
12.59566215 580
12.59566215 581
12.59566215 582
12.59566215 583
12.59566215 584
12.59566215 585
12.59566215 586
12.59566215 587
12.59566215 588
12.59566215 589
12.59566215 590
12.59566215 591
12.59566215 592
12.59566215 593
12.59566215 594
12.59566215 595
12.59566215 596
12.59566215 597
12.59566215 598
12.59566215 599
12.59566215 600
12.59566215 601
12.59566215 602
12.59566215 603
12.59566215 604
12.59566215 605
12.59566215 606
12.59566215 607
12.59566215 608
12.59566215 609
12.59566215 610
12.59566215 611
12.59566215 612
12.59566215 613
12.59566215 614
12.59566215 615
12.59566215 616
12.59566215 617
12.59566215 618
12.59566215 619
12.59566215 620
12.59566215 621
12.59566215 622
12.59566215 623
12.59566215 624
12.59566215 625
12.59566215 626
12.59566215 627
12.59566215 628
12.59566215 629
12.59566215 630
12.59566215 631
12.59566215 632
12.59566215 633
12.59566215 634
12.59566215 635
12.59566215 636
12.59566215 637
12.59566215 638
12.59566215 639
12.59566215 640
12.59566215 641
12.59566215 642
12.59566215 643
12.59566215 644
12.59566215 645
12.59566215 646
12.59566215 647
12.59566215 648
12.59566215 649
12.59566215 650
12.59566215 651
12.59566215 652
12.59566215 653
12.59566215 654
12.59566215 655
12.59566215 656
12.59566215 657
12.59566215 658
12.59566215 659
12.59566215 660
12.59566215 661
12.59566215 662
12.59566215 663
12.59566215 664
12.59566215 665
12.59566215 666
12.59566215 667
12.59566215 668
12.59566215 669
12.59566215 670
12.59566215 671
12.59566215 672
12.59566215 673
12.59566215 674
12.59566215 675
12.59566215 676
12.59566215 677
12.59566215 678
12.59566215 679
12.59566215 680
12.59566215 681
12.59566215 682
12.59566215 683
12.59566215 684
12.59566215 685
12.59566215 686
12.59566215 687
12.59566215 688
12.59566215 689
12.59566215 690
12.59566215 691
12.59566215 692
12.59566215 693
12.59566215 694
12.59566215 695
12.59566215 696
12.59566215 697
12.59566215 698
12.59566215 699
12.59566215 700
12.59566215 701
12.59566215 702
12.59566215 703
12.59566215 704
12.59566215 705
12.59566215 706
12.59566215 707
12.59566215 708
12.59566215 709
12.59566215 710
12.59566215 711
12.59566215 712
12.59566215 713
12.59566215 714
12.59566215 715
12.59566215 716
12.59566215 717
12.59566215 718
12.59566215 719
12.59566215 720
12.59566215 721
12.59566215 722
12.59566215 723
12.59566215 724
12.59566215 725
12.59566215 726
12.59566215 727
12.59566215 728
12.59566215 729
12.59566215 730
12.59566215 731
12.59566215 732
12.59566215 733
12.59566215 734
12.59566215 735
12.59566215 736
12.59566215 737
12.59566215 738
12.59566215 739
12.59566215 740
12.59566215 741
12.59566215 742
12.59566215 743
12.59566215 744
12.59566215 745
12.59566215 746
12.59566215 747
12.59566215 748
12.59566215 749
12.59566215 750
12.59566215 751
12.59566215 752
12.59566215 753
12.59566215 754
12.59566215 755
12.59566215 756
12.59566215 757
12.59566215 758
12.59566215 759
12.59566215 760
12.59566215 761
12.59566215 762
12.59566215 763
12.59566215 764
12.59566215 765
12.59566215 766
12.59566215 767
12.59566215 768
12.59566215 769
12.59566215 770
12.59566215 771
12.59566215 772
12.59566215 773
12.59566215 774
12.59566215 775
12.59566215 776
12.59566215 777
12.59566215 778
12.59566215 779
12.59566215 780
12.59566215 781
12.59566215 782
12.59566215 783
12.59566215 784
12.59566215 785
12.59566215 786
12.59566215 787
12.59566215 788
12.59566215 789
12.59566215 790
12.59566215 791
12.59566215 792
12.59566215 793
12.59566215 794
12.59566215 795
12.59566215 796
12.59566215 797
12.59566215 798
12.59566215 799
12.59566215 800
12.59566215 801
12.59566215 802
12.59566215 803
12.59566215 804
12.59566215 805
12.59566215 806
12.59566215 807
12.59566215 808
12.59566215 809
12.59566215 810
12.59566215 811
12.59566215 812
12.59566215 813
12.59566215 814
12.59566215 815
12.59566215 816
12.59566215 817
12.59566215 818
12.59566215 819
12.59566215 820
12.59566215 821
12.59566215 822
12.59566215 823
12.59566215 824
12.59566215 825
12.59566215 826
12.59566215 827
12.59566215 828
12.59566215 829
12.59566215 830
12.59566215 831
12.59566215 832
12.59566215 833
12.59566215 834
12.59566215 835
12.59566215 836
12.59566215 837
12.59566215 838
12.59566215 839
12.59566215 840
12.59566215 841
12.59566215 842
12.59566215 843
12.59566215 844
12.59566215 845
12.59566215 846
12.59566215 847
12.59566215 848
12.59566215 849
12.59566215 850
12.59566215 851
12.59566215 852
12.59566215 853
12.59566215 854
12.59566215 855
12.59566215 856
12.59566215 857
12.59566215 858
12.59566215 859
12.59566215 860
12.59566215 861
12.59566215 862
12.59566215 863
12.59566215 864
12.59566215 865
12.59566215 866
12.59566215 867
12.59566215 868
12.59566215 869
12.59566215 870
12.59566215 871
12.59566215 872
12.59566215 873
12.59566215 874
12.59566215 875
12.59566215 876
12.59566215 877
12.59566215 878
12.59566215 879
12.59566215 880
12.59566215 881
12.59566215 882
12.59566215 883
12.59566215 884
12.59566215 885
12.59566215 886
12.59566215 887
12.59566215 888
12.59566215 889
12.59566215 890
12.59566215 891
12.59566215 892
12.59566215 893
12.59566215 894
12.59566215 895
12.59566215 896
12.59566215 897
12.59566215 898
12.59566215 899
12.59566215 900
12.59566215 901
12.59566215 902
12.59566215 903
12.59566215 904
12.59566215 905
12.59566215 906
12.59566215 907
12.59566215 908
12.59566215 909
12.59566215 910
12.59566215 911
12.59566215 912
12.59566215 913
12.59566215 914
12.59566215 915
12.59566215 916
12.59566215 917
12.59566215 918
12.59566215 919
12.59566215 920
12.59566215 921
12.59566215 922
12.59566215 923
12.59566215 924
12.59566215 925
12.59566215 926
12.59566215 927
12.59566215 928
12.59566215 929
12.59566215 930
12.59566215 931
12.59566215 932
12.59566215 933
12.59566215 934
12.59566215 935
12.59566215 936
12.59566215 937
12.59566215 938
12.59566215 939
12.59566215 940
12.59566215 941
12.59566215 942
12.59566215 943
12.59566215 944
12.59566215 945
12.59566215 946
12.59566215 947
12.59566215 948
12.59566215 949
12.59566215 950
12.59566215 951
12.59566215 952
12.59566215 953
12.59566215 954
12.59566215 955
12.59566215 956
12.59566215 957
12.59566215 958
12.59566215 959
12.59566215 960
12.59566215 961
12.59566215 962
12.59566215 963
12.59566215 964
12.59566215 965
12.59566215 966
12.59566215 967
12.59566215 968
12.59566215 969
12.59566215 970
12.59566215 971
12.59566215 972
12.59566215 973
12.59566215 974
12.59566215 975
12.59566215 976
12.59566215 977
12.59566215 978
12.59566215 979
12.59566215 980
12.59566215 981
12.59566215 982
12.59566215 983
12.59566215 984
12.59566215 985
12.59566215 986
12.59566215 987
12.59566215 988
12.59566215 989
12.59566215 990
12.59566215 991
12.59566215 992
12.59566215 993
12.59566215 994
12.59566215 995
12.59566215 996
12.59566215 997
12.59566215 998
12.59566215 999
12.59566215 1000
12.59566215 1001
