0.1136300294 2
0.123584653 3
0.123584653 4
0.1426748137 5
0.1426748137 6
0.1426748137 7
0.1660048687 8
0.1660048687 9
0.1660048687 10
0.1660048687 11
0.1660048687 12
0.1660048687 13
0.1684751286 14
0.1690623676 15
0.1767516895 16
0.1767516895 17
0.1767516895 18
0.1767516895 19
0.1872218723 20
0.1872218723 21
0.1872218723 22
0.1928254981 23
0.1928254981 24
0.1928254981 25
0.1928254981 26
0.2022857687 27
0.2022857687 28
0.2022857687 29
0.2022857687 30
0.2022857687 31
0.2022857687 32
0.2022857687 33
0.2022857687 34
0.2103380105 35
0.2103380105 36
0.2103380105 37
0.2227129378 38
0.2308981203 39
0.2308981203 40
0.2308981203 41
0.2308981203 42
0.2308981203 43
0.2308981203 44
0.2308981203 45
0.2308981203 46
0.2350875507 47
0.2350875507 48
0.2458094213 49
0.2458094213 50
0.2458094213 51
0.2458094213 52
0.2458094213 53
0.2458094213 54
0.2481050322 55
0.2481050322 56
0.2481050322 57
0.2481050322 58
0.2481050322 59
0.2481050322 60
0.2481050322 61
0.2481050322 62
0.2481050322 63
0.2481050322 64
0.2481050322 65
0.2481050322 66
0.2481050322 67
0.2514016498 68
0.2514016498 69
0.2514016498 70
0.2568209739 71
0.2568209739 72
0.2568209739 73
0.2645384672 74
0.2645384672 75
0.2645384672 76
0.2657641507 77
0.2657641507 78
0.2657641507 79
0.2657641507 80
0.2674613305 81
0.2674613305 82
0.2698510928 83
0.2698510928 84
0.2698510928 85
0.2698510928 86
0.2698510928 87
0.2698510928 88
0.2698510928 89
0.2698510928 90
0.2698510928 91
0.2698510928 92
0.2698510928 93
0.2698510928 94
0.2698510928 95
0.2698510928 96
0.2698510928 97
0.2698510928 98
0.2698510928 99
0.2698510928 100
0.2705803673 101
0.2705803673 102
0.2705803673 103
0.2706647896 104
0.2707528837 105
0.2707528837 106
0.2708170024 107
0.2708170024 108
0.2712785139 109
0.2784386186 110
0.2784386186 111
0.2784386186 112
0.2784386186 113
0.2784386186 114
0.2784386186 115
0.2784386186 116
0.2784386186 117
0.2784386186 118
0.2784386186 119
0.2784386186 120
0.2858038343 121
0.2858038343 122
0.2867816829 123
0.291461963 124
0.291461963 125
0.291461963 126
0.2953620143 127
0.2953620143 128
0.2953620143 129
0.297337184 130
0.297337184 131
0.297337184 132
0.297337184 133
0.297337184 134
0.297337184 135
0.297337184 136
0.297337184 137
0.297337184 138
0.297337184 139
0.297337184 140
0.297337184 141
0.297337184 142
0.297337184 143
0.297337184 144
0.297337184 145
0.297337184 146
0.297337184 147
0.297337184 148
0.297337184 149
0.297337184 150
0.3010347602 151
0.3010347602 152
0.3010347602 153
0.3010347602 154
0.3010347602 155
0.3010347602 156
0.3010347602 157
0.3010347602 158
0.3010347602 159
0.3080647158 160
0.3080647158 161
0.3080647158 162
0.3080647158 163
0.3080647158 164
0.3080647158 165
0.3080647158 166
0.3080647158 167
0.310258783 168
0.310258783 169
0.310258783 170
0.310258783 171
0.310258783 172
0.310258783 173
0.310258783 174
0.310258783 175
0.310258783 176
0.310258783 177
0.310258783 178
0.3115057172 179
0.3115057172 180
0.3115057172 181
0.3115057172 182
0.3115057172 183
0.3115057172 184
0.3115057172 185
0.3115057172 186
0.3115057172 187
0.3115057172 188
0.3115057172 189
0.3115057172 190
0.3115057172 191
0.3115057172 192
0.3115057172 193
0.3115057172 194
0.3115057172 195
0.3115057172 196
0.3115057172 197
0.3115057172 198
0.3115057172 199
0.3115057172 200
0.3115057172 201
0.3115057172 202
0.3115057172 203
0.3115057172 204
0.3115057172 205
0.3115057172 206
0.3115057172 207
0.3115057172 208
0.311544587 209
0.311544587 210
0.3115536415 211
0.3115536415 212
0.3115536415 213
0.3123399884 214
0.3123552738 215
0.3123552738 216
0.3123674468 217
0.3123674468 218
0.3123674468 219
0.3123674468 220
0.3123674468 221
0.3123674468 222
0.3124996915 223
0.3132061739 224
0.3136344229 225
0.3138350506 226
0.3138765075 227
0.3139022485 228
0.3139191039 229
0.31392982 230
0.3139355925 231
0.3139393609 232
0.3139418185 233
0.3139434198 234
0.313944462 235
0.3139451397 236
0.3139455799 237
0.3139458656 238
0.3139460508 239
0.3139461708 240
0.3139462484 241
0.3139462986 242
0.313946331 243
0.3139463519 244
0.3139463654 245
0.313946374 246
0.3139463796 247
0.3139463832 248
0.3139463855 249
0.313946387 250
0.3139463879 251
0.3139463885 252
0.3142303164 253
0.314390143 254
0.3146328345 255
0.3146328345 256
0.3146328345 257
0.315099919 258
0.3152657676 259
0.3152657676 260
0.3152657676 261
0.3153330761 262
0.3153330761 263
0.3153330761 264
0.3154352263 265
0.3154352263 266
0.3154352263 267
0.3154893565 268
0.315510311 269
0.315510311 270
0.315510311 271
0.315522838 272
0.3155538896 273
0.3155538896 274
0.3155538896 275
0.3155538896 276
0.3157077508 277
0.3157077508 278
0.3157536095 279
0.3157536095 280
0.3157536095 281
0.3158877633 282
0.3158877633 283
0.3158877633 284
0.3158877633 285
0.3159220493 286
0.3159220493 287
0.3159220493 288
0.3159220493 289
0.3159220493 290
0.3159220493 291
0.3159220493 292
0.3159220493 293
0.3159220493 294
0.3159220493 295
0.3159220493 296
0.3159283003 297
0.3159283003 298
0.3159283003 299
0.3159283003 300
0.3159283003 301
0.3159283003 302
0.3160878558 303
0.3161247224 304
0.3161247224 305
0.3161351774 306
0.3161351774 307
0.3163380361 308
0.3163380361 309
0.3163380361 310
0.3164840255 311
0.3166123486 312
0.3166123486 313
0.3166765282 314
0.3166765282 315
0.3166765282 316
0.3166765282 317
0.3166765282 318
0.3166765282 319
0.3166765282 320
0.3166765282 321
0.3166765282 322
0.3166939853 323
0.3166973266 324
0.3166973266 325
0.3166973266 326
0.3167054448 327
0.3167080911 328
0.3167089481 329
0.3167094537 330
0.3167094537 331
0.3167094537 332
0.3167094537 333
0.3167101514 334
0.3167112221 335
0.3167118498 336
0.3167122043 337
0.3167254074 338
0.3167254074 339
0.3167332723 340
0.3167332723 341
0.3167429161 342
0.3167520815 343
0.3167520815 344
0.3167654319 345
0.316779059 346
0.3167833679 347
0.3167833679 348
0.3167840869 349
0.3167840869 350
0.3167840869 351
0.3167840869 352
0.3167840869 353
0.3167861257 354
0.3168017089 355
0.316802775 356
0.316802775 357
0.316802775 358
0.3168028775 359
0.316823262 360
0.3168257729 361
0.3168257729 362
0.3168257729 363
0.3168257729 364
0.316830105 365
0.3168369514 366
0.3168369514 367
0.3168404631 368
0.3168408272 369
0.3168454518 370
0.3168537446 371
0.3168537446 372
0.3168537446 373
0.3168537446 374
0.3168537446 375
0.3168537446 376
0.3168537446 377
0.3168537446 378
0.3168537446 379
0.3168559523 380
0.3168559523 381
0.3168559523 382
0.3168581396 383
0.3168588468 384
0.3168588468 385
0.3168594271 386
0.3168594271 387
0.3168613733 388
0.3168625014 389
0.3168625014 390
0.3168625014 391
0.316863704 392
0.3168680398 393
0.3168680398 394
0.3168715318 395
0.3168715318 396
0.3168715318 397
0.3168726412 398
0.3168726412 399
0.3168726412 400
0.3168726412 401
0.3168736744 402
0.3168736744 403
0.3168748202 404
0.3168785486 405
0.3168785486 406
0.3168785486 407
0.3168785486 408
0.3168785486 409
0.3168785486 410
0.3168785486 411
0.3168785486 412
0.3168785486 413
0.3168785486 414
0.3168785486 415
0.3168785486 416
0.3168785486 417
0.316878698 418
0.3168787072 419
0.3168787072 420
0.3168788703 421
0.3168789544 422
0.3168789982 423
0.3168789982 424
0.3168789982 425
0.3168789982 426
0.3168789982 427
0.3168789982 428
0.3168793654 429
0.3168799715 430
0.3168809309 431
0.3168809309 432
0.3168809309 433
0.3168809309 434
0.3168810733 435
0.3168810733 436
0.3168813145 437
0.3168813145 438
0.3168822832 439
0.3168822832 440
0.3168826792 441
0.3168826792 442
0.3168826792 443
0.3168826792 444
0.3168826792 445
0.3168826792 446
0.3168826792 447
0.3168826925 448
0.3168830902 449
0.3168830902 450
0.3168835543 451
0.3168835543 452
0.3168835761 453
0.3168835761 454
0.3168835761 455
0.3168835761 456
0.3168836089 457
0.3168836089 458
0.3168838367 459
0.3168838367 460
0.3168838367 461
0.3168838367 462
0.3168838367 463
0.3168841668 464
0.3168844143 465
0.3168844143 466
0.3168844143 467
0.3168844476 468
0.3168845823 469
0.3168845823 470
0.3168845823 471
0.3168845823 472
0.3168845823 473
0.3168846679 474
0.3168846679 475
0.3168846875 476
0.3168846875 477
0.3168846959 478
0.3168847093 479
0.3168847112 480
0.3168847112 481
0.3168847124 482
0.3168847124 483
0.3168847679 484
0.3168848166 485
0.3168848166 486
0.3168848166 487
0.3168848166 488
0.3168848329 489
0.3168848429 490
0.3168848429 491
0.3168848867 492
0.3168848925 493
0.3168849092 494
0.3168849092 495
0.3168849278 496
0.3168849278 497
0.3168849278 498
0.3168849307 499
0.3168849307 500
0.3168849307 501
0.3168849311 502
0.3168849323 503
0.3168849323 504
0.3168849324 505
0.3168849324 506
0.3168849344 507
0.3168849344 508
0.3168849356 509
0.3168849432 510
0.3168849432 511
0.3168849432 512
0.3168849434 513
0.3168849434 514
0.3168849434 515
0.3168849479 516
0.3168849479 517
0.3168849479 518
0.3168849488 519
0.3168849523 520
0.3168849523 521
0.3168849523 522
0.3168849523 523
0.3168849532 524
0.3168849532 525
0.3168849536 526
0.3168849536 527
0.3168849536 528
0.3168849537 529
0.3168849537 530
0.316884954 531
0.316884954 532
0.3168849549 533
0.3168849549 534
0.3168849549 535
0.316884955 536
0.316884955 537
0.3168849551 538
0.3168849551 539
0.3168849561 540
0.3168849561 541
0.3168849562 542
0.3168849562 543
0.3168849562 544
0.3168849566 545
0.3168849566 546
0.3168849566 547
0.3168849566 548
0.3168849566 549
0.3168849566 550
0.3168849566 551
0.3168849566 552
0.3168849567 553
0.3168849567 554
0.3168849567 555
0.3168849567 556
0.3168849567 557
0.3168849568 558
0.3168849568 559
0.3168849568 560
0.3168849568 561
0.3168849568 562
0.3168849568 563
0.3168849568 564
0.3168849568 565
0.3168849568 566
0.3168849568 567
0.3168849568 568
0.3168849568 569
0.3168849568 570
0.3168849568 571
0.3168849569 572
0.3168849569 573
0.3168849569 574
0.3168849569 575
0.3168849569 576
0.3168849569 577
0.3168849569 578
0.3168849569 579
0.3168849569 580
0.3168849569 581
0.3168849569 582
0.3168849569 583
0.3168849569 584
0.3168849569 585
0.3168849569 586
0.3168849569 587
0.3168849569 588
0.3168849569 589
0.3168849569 590
0.3168849569 591
0.3168849569 592
0.3168849569 593
0.3168849569 594
0.3168849569 595
0.3168849569 596
0.3168849569 597
0.3168849569 598
0.3168849569 599
0.3168849569 600
0.3168849569 601
0.3168849569 602
0.3168849569 603
0.3168849569 604
0.3168849569 605
0.3168849569 606
0.3168849569 607
0.3168849569 608
0.3168849569 609
0.3168849569 610
0.3168849569 611
0.3168849569 612
0.3168849569 613
0.3168849569 614
0.3168849569 615
0.3168849569 616
0.3168849569 617
0.3168849569 618
0.3168849569 619
0.3168849569 620
0.3168849569 621
0.3168849569 622
0.3168849569 623
0.3168849569 624
0.3168849569 625
0.3168849569 626
0.3168849569 627
0.3168849569 628
0.3168849569 629
0.3168849569 630
0.3168849569 631
0.3168849569 632
0.3168849569 633
0.3168849569 634
0.3168849569 635
0.3168849569 636
0.3168849569 637
0.3168849569 638
0.3168849569 639
0.3168849569 640
0.3168849569 641
0.3168849569 642
0.3168849569 643
0.3168849569 644
0.3168849569 645
0.3168849569 646
0.3168849569 647
0.3168849569 648
0.3168849569 649
0.3168849569 650
0.3168849569 651
0.3168849569 652
0.3168849569 653
0.3168849569 654
0.3168849569 655
0.3168849569 656
0.3168849569 657
0.3168849569 658
0.3168849569 659
0.3168849569 660
0.3168849569 661
0.3168849569 662
0.3168849569 663
0.3168849569 664
0.3168849569 665
0.3168849569 666
0.3168849569 667
0.3168849569 668
0.3168849569 669
0.3168849569 670
0.3168849569 671
0.3168849569 672
0.3168849569 673
0.3168849569 674
0.3168849569 675
0.3168849569 676
0.3168849569 677
0.3168849569 678
0.3168849569 679
0.3168849569 680
0.3168849569 681
0.3168849569 682
0.3168849569 683
0.3168849569 684
0.3168849569 685
0.3168849569 686
0.3168849569 687
0.3168849569 688
0.3168849569 689
0.3168849569 690
0.3168849569 691
0.3168849569 692
0.3168849569 693
0.3168849569 694
0.3168849569 695
0.3168849569 696
0.3168849569 697
0.3168849569 698
0.3168849569 699
0.3168849569 700
0.3168849569 701
0.3168849569 702
0.3168849569 703
0.3168849569 704
0.3168849569 705
0.3168849569 706
0.3168849569 707
0.3168849569 708
0.3168849569 709
0.3168849569 710
0.3168849569 711
0.3168849569 712
0.3168849569 713
0.3168849569 714
0.3168849569 715
0.3168849569 716
0.3168849569 717
0.3168849569 718
0.3168849569 719
0.3168849569 720
0.3168849569 721
0.3168849569 722
0.3168849569 723
0.3168849569 724
0.3168849569 725
0.3168849569 726
0.3168849569 727
0.3168849569 728
0.3168849569 729
0.3168849569 730
0.3168849569 731
0.3168849569 732
0.3168849569 733
0.3168849569 734
0.3168849569 735
0.3168849569 736
0.3168849569 737
0.3168849569 738
0.3168849569 739
0.3168849569 740
0.3168849569 741
0.3168849569 742
0.3168849569 743
0.3168849569 744
0.3168849569 745
0.3168849569 746
0.3168849569 747
0.3168849569 748
0.3168849569 749
0.3168849569 750
0.3168849569 751
0.3168849569 752
0.3168849569 753
0.3168849569 754
0.3168849569 755
0.3168849569 756
0.3168849569 757
0.3168849569 758
0.3168849569 759
0.3168849569 760
0.3168849569 761
0.3168849569 762
0.3168849569 763
0.3168849569 764
0.3168849569 765
0.3168849569 766
0.3168849569 767
0.3168849569 768
0.3168849569 769
0.3168849569 770
0.3168849569 771
0.3168849569 772
0.3168849569 773
0.3168849569 774
0.3168849569 775
0.3168849569 776
0.3168849569 777
0.3168849569 778
0.3168849569 779
0.3168849569 780
0.3168849569 781
0.3168849569 782
0.3168849569 783
0.3168849569 784
0.3168849569 785
0.3168849569 786
0.3168849569 787
0.3168849569 788
0.3168849569 789
0.3168849569 790
0.3168849569 791
0.3168849569 792
0.3168849569 793
0.3168849569 794
0.3168849569 795
0.3168849569 796
0.3168849569 797
0.3168849569 798
0.3168849569 799
0.3168849569 800
0.3168849569 801
0.3168849569 802
0.3168849569 803
0.3168849569 804
0.3168849569 805
0.3168849569 806
0.3168849569 807
0.3168849569 808
0.3168849569 809
0.3168849569 810
0.3168849569 811
0.3168849569 812
0.3168849569 813
0.3168849569 814
0.3168849569 815
0.3168849569 816
0.3168849569 817
0.3168849569 818
0.3168849569 819
0.3168849569 820
0.3168849569 821
0.3168849569 822
0.3168849569 823
0.3168849569 824
0.3168849569 825
0.3168849569 826
0.3168849569 827
0.3168849569 828
0.3168849569 829
0.3168849569 830
0.3168849569 831
0.3168849569 832
0.3168849569 833
0.3168849569 834
0.3168849569 835
0.3168849569 836
0.3168849569 837
0.3168849569 838
0.3168849569 839
0.3168849569 840
0.3168849569 841
0.3168849569 842
0.3168849569 843
0.3168849569 844
0.3168849569 845
0.3168849569 846
0.3168849569 847
0.3168849569 848
0.3168849569 849
0.3168849569 850
0.3168849569 851
0.3168849569 852
0.3168849569 853
0.3168849569 854
0.3168849569 855
0.3168849569 856
0.3168849569 857
0.3168849569 858
0.3168849569 859
0.3168849569 860
0.3168849569 861
0.3168849569 862
0.3168849569 863
0.3168849569 864
0.3168849569 865
0.3168849569 866
0.3168849569 867
0.3168849569 868
0.3168849569 869
0.3168849569 870
0.3168849569 871
0.3168849569 872
0.3168849569 873
0.3168849569 874
0.3168849569 875
0.3168849569 876
0.3168849569 877
0.3168849569 878
0.3168849569 879
0.3168849569 880
0.3168849569 881
0.3168849569 882
0.3168849569 883
0.3168849569 884
0.3168849569 885
0.3168849569 886
0.3168849569 887
0.3168849569 888
0.3168849569 889
0.3168849569 890
0.3168849569 891
0.3168849569 892
0.3168849569 893
0.3168849569 894
0.3168849569 895
0.3168849569 896
0.3168849569 897
0.3168849569 898
0.3168849569 899
0.3168849569 900
0.3168849569 901
0.3168849569 902
0.3168849569 903
0.3168849569 904
0.3168849569 905
0.3168849569 906
0.3168849569 907
0.3168849569 908
0.3168849569 909
0.3168849569 910
0.3168849569 911
0.3168849569 912
0.3168849569 913
0.3168849569 914
0.3168849569 915
0.3168849569 916
0.3168849569 917
0.3168849569 918
0.3168849569 919
0.3168849569 920
0.3168849569 921
0.3168849569 922
0.3168849569 923
0.3168849569 924
0.3168849569 925
0.3168849569 926
0.3168849569 927
0.3168849569 928
0.3168849569 929
0.3168849569 930
0.3168849569 931
0.3168849569 932
0.3168849569 933
0.3168849569 934
0.3168849569 935
0.3168849569 936
0.3168849569 937
0.3168849569 938
0.3168849569 939
0.3168849569 940
0.3168849569 941
0.3168849569 942
0.3168849569 943
0.3168849569 944
0.3168849569 945
0.3168849569 946
0.3168849569 947
0.3168849569 948
0.3168849569 949
0.3168849569 950
0.3168849569 951
0.3168849569 952
0.3168849569 953
0.3168849569 954
0.3168849569 955
0.3168849569 956
0.3168849569 957
0.3168849569 958
0.3168849569 959
0.3168849569 960
0.3168849569 961
0.3168849569 962
0.3168849569 963
0.3168849569 964
0.3168849569 965
0.3168849569 966
0.3168849569 967
0.3168849569 968
0.3168849569 969
0.3168849569 970
0.3168849569 971
0.3168849569 972
0.3168849569 973
0.3168849569 974
0.3168849569 975
0.3168849569 976
0.3168849569 977
0.3168849569 978
0.3168849569 979
0.3168849569 980
0.3168849569 981
0.3168849569 982
0.3168849569 983
0.3168849569 984
0.3168849569 985
0.3168849569 986
0.3168849569 987
0.3168849569 988
0.3168849569 989
0.3168849569 990
0.3168849569 991
0.3168849569 992
0.3168849569 993
0.3168849569 994
0.3168849569 995
0.3168849569 996
0.3168849569 997
0.3168849569 998
0.3168849569 999
0.3168849569 1000
0.3168849569 1001
0.1066431873 1
0.1353732683 2
0.1353732683 3
0.1353732683 4
0.1475239294 5
0.1475239294 6
0.1475239294 7
0.1475239294 8
0.1475239294 9
0.1475239294 10
0.1475239294 11
0.156653718 12
0.1570602974 13
0.1586083098 14
0.1586083098 15
0.1586083098 16
0.1586083098 17
0.1586083098 18
0.1755994065 19
0.1755994065 20
0.1755994065 21
0.1830445027 22
0.1830445027 23
0.1830445027 24
0.1830445027 25
0.1900909756 26
0.1900909756 27
0.1900909756 28
0.1900909756 29
0.1900909756 30
0.1900909756 31
0.1900909756 32
0.1900909756 33
0.1900909756 34
0.1900909756 35
0.1900909756 36
0.1900909756 37
0.1900909756 38
0.1900909756 39
0.1900909756 40
0.1900909756 41
0.1900909756 42
0.1928310637 43
0.1928310637 44
0.1928310637 45
0.1928310637 46
0.1928310637 47
0.1996910196 48
0.1996910196 49
0.1996910196 50
0.2033108425 51
0.2033108425 52
0.2033108425 53
0.2033108425 54
0.2033108425 55
0.2042400563 56
0.2042400563 57
0.2042400563 58
0.2042400563 59
0.2042400563 60
0.2042400563 61
0.2073454626 62
0.2078993279 63
0.2093395392 64
0.2093395392 65
0.2093395392 66
0.2093395392 67
0.2093395392 68
0.2093395392 69
0.2122003246 70
0.2122003246 71
0.2122003246 72
0.2134066525 73
0.2145034891 74
0.2145034891 75
0.2145034891 76
0.220218149 77
0.220218149 78
0.220218149 79
0.220218149 80
0.220218149 81
0.220218149 82
0.220218149 83
0.220218149 84
0.220218149 85
0.220218149 86
0.2276131964 87
0.2276131964 88
0.2276131964 89
0.2276131964 90
0.2276131964 91
0.2276131964 92
0.2276131964 93
0.2276131964 94
0.2276131964 95
0.2276131964 96
0.2276131964 97
0.2276131964 98
0.2276131964 99
0.2276131964 100
0.2276131964 101
0.2276131964 102
0.2276131964 103
0.2276131964 104
0.2276131964 105
0.2276131964 106
0.2276131964 107
0.2276131964 108
0.2279903712 109
0.2279903712 110
0.2279903712 111
0.2279903712 112
0.2279903712 113
0.2279903712 114
0.2284829679 115
0.2288587707 116
0.2292995101 117
0.2294030877 118
0.2298268382 119
0.2303685457 120
0.2303685457 121
0.2303685457 122
0.2303685457 123
0.2303685457 124
0.2304459783 125
0.2304459783 126
0.2304459783 127
0.230559303 128
0.2317622863 129
0.2317622863 130
0.2317622863 131
0.2317622863 132
0.2317622863 133
0.2317622863 134
0.2317622863 135
0.2317622863 136
0.2317622863 137
0.2317664151 138
0.2317664151 139
0.2317664151 140
0.2319534715 141
0.2319534715 142
0.2319534715 143
0.2319534715 144
0.2319803103 145
0.2319803103 146
0.2319803103 147
0.2319803103 148
0.2319803103 149
0.232045627 150
0.2321084715 151
0.2321084715 152
0.2321084715 153
0.2321084715 154
0.2321084715 155
0.2321656866 156
0.2321802744 157
0.2321802744 158
0.2321802768 159
0.2321802768 160
0.2321802768 161
0.2321802768 162
0.2322423419 163
0.2322423419 164
0.2322423419 165
0.2322423419 166
0.2322423419 167
0.2322515475 168
0.2322515475 169
0.2322515475 170
0.2322515475 171
0.2322515475 172
0.2322515475 173
0.2322515475 174
0.2322527188 175
0.2322527188 176
0.2322527188 177
0.2322527188 178
0.2322527188 179
0.2322527188 180
0.2322527188 181
0.2322527188 182
0.2322527188 183
0.2322527188 184
0.2322527188 185
0.2322527188 186
0.2322527188 187
0.2322571973 188
0.2322620409 189
0.2322620409 190
0.2322620409 191
0.2322620409 192
0.2322620409 193
0.2322620409 194
0.2322965392 195
0.2323166568 196
0.232511387 197
0.232511387 198
0.232511387 199
0.232511387 200
0.2325377306 201
0.2325377306 202
0.2325580949 203
0.2325580949 204
0.2325580949 205
0.2325580949 206
0.2325580949 207
0.2325580949 208
0.2325580949 209
0.2325580949 210
0.2325580949 211
0.2326752176 212
0.2327220186 213
0.2327220186 214
0.2327220186 215
0.2327220186 216
0.2327220186 217
0.2327220186 218
0.2327220186 219
0.2327220186 220
0.2327220186 221
0.2327220186 222
0.2327708681 223
0.2327810875 224
0.2328464979 225
0.2328464979 226
0.2328464979 227
0.2328464979 228
0.2328464979 229
0.2328464979 230
0.2328464979 231
0.2328464979 232
0.2328464979 233
0.2328464979 234
0.2328464979 235
0.2328464979 236
0.2328628871 237
0.2328628871 238
0.2328957151 239
0.3031063657 240
0.3774584703 241
0.4485454952 242
0.5099839159 243
0.5586435842 244
0.5946508804 245
0.6200207003 246
0.6373074242 247
0.6488278298 248
0.6563940835 249
0.6613155557 250
0.6644959396 251
0.6665419351 252
0.6678539034 253
0.6686931453 254
0.6692289668 255
0.6695705251 256
0.6697879514 257
0.669926187 258
0.670013973 259
0.670013973 260
0.670013973 261
0.670013973 262
0.670013973 263
0.670013973 264
0.670013973 265
0.670013973 266
0.670013973 267
0.670013973 268
0.670013973 269
0.670013973 270
0.670013973 271
0.670013973 272
0.670013973 273
0.670013973 274
0.670013973 275
0.670013973 276
0.670013973 277
0.670013973 278
0.670013973 279
0.6710524959 280
0.6710524959 281
0.6710524959 282
0.6710957656 283
0.6710957656 284
0.6712734698 285
0.6712734698 286
0.6712734698 287
0.6715669358 288
0.6715669358 289
0.6715669358 290
0.6715669358 291
0.6719159232 292
0.6719300746 293
0.6719300746 294
0.6719300746 295
0.6719300746 296
0.6719300746 297
0.6723226169 298
0.6723226169 299
0.8009663475 300
0.8877603849 301
0.9319884563 302
0.9468895665 303
0.9471657592 304
0.9471657592 305
0.9471657592 306
0.9471657592 307
0.9471657592 308
0.9471657592 309
0.9471657592 310
0.9471657592 311
0.9471657592 312
0.9471657592 313
0.9471657592 314
0.9471657592 315
0.9471657592 316
0.9471657592 317
0.9471657592 318
0.9471657592 319
0.9471657592 320
0.9471657592 321
0.9471657592 322
0.9471657592 323
0.9471657592 324
0.9471657592 325
0.9471657592 326
0.9471657592 327
0.9471657592 328
0.9471657592 329
0.9471657592 330
0.9481541615 331
0.9481541615 332
0.9481541615 333
0.9481541615 334
0.9481541615 335
0.9484888821 336
0.9484888821 337
0.9484888821 338
0.9484980676 339
0.9484980676 340
0.9484980676 341
0.9484980676 342
0.9484980676 343
0.9484980676 344
0.9484980676 345
0.9484980676 346
0.9486611688 347
0.9486611688 348
0.9486611688 349
0.9486611688 350
0.9486611688 351
0.9486611688 352
0.9486611688 353
0.9486611688 354
0.9486611688 355
0.9486611688 356
0.9486769499 357
0.9486769499 358
0.9488708852 359
0.9488708852 360
0.9488708852 361
0.9488708852 362
0.9488708852 363
0.9488708852 364
0.9490121285 365
0.9490121285 366
0.9490121285 367
0.9492202896 368
0.9492202896 369
0.9492202896 370
0.9492202896 371
0.9492202896 372
0.9492202896 373
0.9492202896 374
0.9492202896 375
0.9492202896 376
0.9492202896 377
0.9492202896 378
0.9493266284 379
0.9493266284 380
0.9493266284 381
0.9493266284 382
0.9493266284 383
0.9493266284 384
0.9493266284 385
0.9493266284 386
0.9493266284 387
0.9493266284 388
0.9493266284 389
0.9493266284 390
0.9493266284 391
0.9493266284 392
0.9493266284 393
0.9493266284 394
0.9493266284 395
0.9493266284 396
0.9493266284 397
0.9493266284 398
0.9493266284 399
0.9493266284 400
0.9493266284 401
0.9493266284 402
0.9493266284 403
0.9493266284 404
0.9493266284 405
0.9493266284 406
0.9493266284 407
0.9493266284 408
0.9493266284 409
0.9493266284 410
0.9493266284 411
0.9493266284 412
0.9493266284 413
0.9493266284 414
0.9493266284 415
0.9493266284 416
0.9493266284 417
0.9493266284 418
0.9493266284 419
0.9493266284 420
0.9493266284 421
0.9493266284 422
0.9493266284 423
0.9493266284 424
0.9493266284 425
0.9493266284 426
0.9493266284 427
0.9493266284 428
0.9493266284 429
0.9493266284 430
0.9493266284 431
0.9493266284 432
0.9493266284 433
0.9493266284 434
0.9493266284 435
0.9493266284 436
0.9493266284 437
0.9493266284 438
0.9493266284 439
0.9493266284 440
0.9493266284 441
0.9493266284 442
0.9493266284 443
0.9493266284 444
0.9493266284 445
0.9493266284 446
0.9494038331 447
0.9494038331 448
0.9494038331 449
0.9494038331 450
0.9494038331 451
0.9494038331 452
0.9494038331 453
0.9494038331 454
0.9494038331 455
0.9494038331 456
0.9494038331 457
0.9495530275 458
0.9495530275 459
0.9495530275 460
0.9495530275 461
0.9495530275 462
0.9495530275 463
0.9495530275 464
0.9495530275 465
0.9496198344 466
0.9496198344 467
0.9496198344 468
0.9496776314 469
0.9496776314 470
0.9496776314 471
0.9496776314 472
0.9496776314 473
0.9497493517 474
0.9497493517 475
0.9497493517 476
0.9497493517 477
0.9497493517 478
0.9497493517 479
0.9497493517 480
0.9497493517 481
0.9497493517 482
0.9497493517 483
0.9497493517 484
0.9497493517 485
0.9497493517 486
0.9497493517 487
0.9497493517 488
0.9497493517 489
0.9497493517 490
0.9497493517 491
0.9497493517 492
0.9497493517 493
0.9497493517 494
0.9497493517 495
0.9497493517 496
0.9497493517 497
0.9497493517 498
0.9497493517 499
0.9497493517 500
0.9497493517 501
0.9497493517 502
0.9497493517 503
0.9497493517 504
0.9497493517 505
0.9497493517 506
0.9497493517 507
0.9497493517 508
0.9497493517 509
0.9497493517 510
0.9497493517 511
0.9497493517 512
0.9497493517 513
0.9497493517 514
0.9497493517 515
0.9497832069 516
0.9497832069 517
0.9497832069 518
0.9497832069 519
0.9497832069 520
0.9497832069 521
0.9497832069 522
0.9497832069 523
0.9497832069 524
0.9497832069 525
0.9497832069 526
0.9497832069 527
0.9497832069 528
0.9497832069 529
0.9497832069 530
0.9497832069 531
0.9497832069 532
0.9497832069 533
0.9497832069 534
0.9497832069 535
0.9497832069 536
0.9497832069 537
0.9497832069 538
0.9497832069 539
0.9497832069 540
0.9497832069 541
0.9497832069 542
0.9497832069 543
0.9497832069 544
0.9497832069 545
0.9497832069 546
0.9497832069 547
0.9497832069 548
0.9497832069 549
0.9497832069 550
0.9497832069 551
0.9497832069 552
0.9497832069 553
0.9497832069 554
0.9497832069 555
0.9497832069 556
0.9497832069 557
0.9497832069 558
0.9497832069 559
0.9497832069 560
0.9497832069 561
0.9497832069 562
0.9497832069 563
0.9497832069 564
0.9497832069 565
0.9497832069 566
0.9497832069 567
0.9497832069 568
0.9497832069 569
0.9497832069 570
0.9497832069 571
0.9497832069 572
0.9497832069 573
0.9497832069 574
0.9497832069 575
0.9497832069 576
0.9497832069 577
0.9497832069 578
0.9497832069 579
0.9497832069 580
0.9497832069 581
0.9497832069 582
0.9497832069 583
0.9497832069 584
0.9497832069 585
0.9497832069 586
0.9497832069 587
0.9497832069 588
0.9497832069 589
0.9497832069 590
0.9497832069 591
0.9497832069 592
0.9497832069 593
0.9497832069 594
0.9497832069 595
0.9497832069 596
0.9497832069 597
0.9497832069 598
0.9497832069 599
0.9497832069 600
0.9497832069 601
0.9497832069 602
0.9497832069 603
0.9497832069 604
0.9497832069 605
0.9497832069 606
0.9497832069 607
0.9497832069 608
0.9497832069 609
0.9497832069 610
0.9497832069 611
0.9497832069 612
0.9497832069 613
0.9497832069 614
0.9497832069 615
0.9497832069 616
0.9497832069 617
0.9497832069 618
0.9497832069 619
0.9497832069 620
0.9497832069 621
0.9497832069 622
0.9497832069 623
0.9497832069 624
0.9497832069 625
0.9497832069 626
0.9497832069 627
0.9498163147 628
0.9498163147 629
0.9498163147 630
0.9498163147 631
0.9498163147 632
0.9498163147 633
0.9498163147 634
0.9498163147 635
0.9498163147 636
0.9498970861 637
0.9498970861 638
0.9498970861 639
0.9498970861 640
0.9498970861 641
0.9498970861 642
0.9498970861 643
0.9498970861 644
0.9498970861 645
0.9498970861 646
0.9498970861 647
0.9498970861 648
0.9498970861 649
0.9498970861 650
0.9498970861 651
0.9498970861 652
0.9498970861 653
0.9498970861 654
0.9498970861 655
0.9498970861 656
0.9498970861 657
0.9499273289 658
0.9499273289 659
0.9499273289 660
0.9499273289 661
0.9499273289 662
0.9499273289 663
0.9499273289 664
0.9499273289 665
0.9499273289 666
0.9499273289 667
0.9499273289 668
0.9499273289 669
0.9499273289 670
0.9499273289 671
0.9499273289 672
0.9499273289 673
0.9499273289 674
0.9499273289 675
0.9499273289 676
0.9499273289 677
0.9499273289 678
0.9499273289 679
0.9499273289 680
0.9499273289 681
0.9499273289 682
0.9499273289 683
0.9499273289 684
0.9499273289 685
0.9499273289 686
0.9499273289 687
0.9499273289 688
0.9499273289 689
0.9505709106 690
0.950670794 691
0.950670794 692
0.950670794 693
0.950670794 694
0.950670794 695
0.950670794 696
0.950670794 697
0.950670794 698
0.950670794 699
0.950670794 700
0.950670794 701
0.950670794 702
0.950670794 703
0.950670794 704
0.950670794 705
0.950670794 706
0.950670794 707
0.950670794 708
0.950670794 709
0.950670794 710
0.950670794 711
0.950670794 712
0.950670794 713
0.950670794 714
0.950670794 715
0.950670794 716
0.950670794 717
0.950670794 718
0.950670794 719
0.950670794 720
0.950670794 721
0.950670794 722
0.950670794 723
0.950670794 724
0.950670794 725
0.950670794 726
0.950670794 727
0.950670794 728
0.950670794 729
0.950670794 730
0.950670794 731
0.950670794 732
0.950670794 733
0.950670794 734
0.950670794 735
0.950670794 736
0.9507694195 737
0.9507694195 738
0.9507694195 739
0.9507694195 740
0.9507694195 741
0.9507694195 742
0.9507694195 743
0.9507694195 744
0.9507694195 745
0.9507694195 746
0.9507694195 747
0.9507694195 748
0.9507694195 749
0.9507694195 750
0.9507694195 751
0.9507694195 752
0.9507694195 753
0.9507694195 754
0.9507694195 755
0.9507694195 756
0.9507694195 757
0.9507694195 758
0.9507996805 759
0.9507996805 760
0.9507996805 761
0.9507996805 762
0.9507996805 763
0.9507996805 764
0.9507996805 765
0.9507996805 766
0.9507996805 767
0.9508104489 768
0.9508104489 769
0.9508104489 770
0.9508104489 771
0.9508104489 772
0.9508104489 773
0.9508104489 774
0.9508104489 775
0.9508104489 776
0.9508104489 777
0.9508299374 778
0.9508299374 779
0.9508299374 780
0.9508299374 781
0.9508299374 782
0.9508299374 783
0.9508299374 784
0.9508299374 785
0.9508299374 786
0.9508299374 787
0.9508299374 788
0.9508299374 789
0.9508299374 790
0.9508299374 791
0.9508299374 792
0.9508299374 793
0.9508299374 794
0.9508299374 795
0.9508299374 796
0.9508299374 797
0.9508299374 798
0.9508299374 799
0.9508299374 800
0.9508299374 801
0.9508299374 802
0.9508299374 803
0.9508299374 804
0.9508299374 805
0.9508299374 806
0.9508299374 807
0.9508299374 808
0.9508299374 809
0.9508299374 810
0.9508299374 811
0.9508299374 812
0.9508299374 813
0.9508299374 814
0.9508299374 815
0.9508299374 816
0.9508299374 817
0.9508299374 818
0.9508299374 819
0.9508299374 820
0.9508299374 821
0.9508299374 822
0.9508299374 823
0.9508299374 824
0.9508299374 825
0.9508299374 826
0.950833481 827
0.950833481 828
0.950833481 829
0.950833481 830
0.950833481 831
0.950833481 832
0.950833481 833
0.950833481 834
0.950833481 835
0.950833481 836
0.950833481 837
0.9508494168 838
0.9508494168 839
0.9508494168 840
0.9508494168 841
0.9508494168 842
0.9508494168 843
0.9508494168 844
0.9508494168 845
0.9508494168 846
0.9508494168 847
0.9508494168 848
0.9508494168 849
0.9508494168 850
0.9508494168 851
0.9508494168 852
0.9508494168 853
0.9508494168 854
0.9508494168 855
0.9508494168 856
0.9508494168 857
0.9508494168 858
0.9508494168 859
0.9508494168 860
0.9508494168 861
0.9508494168 862
0.9508494168 863
0.9508494168 864
0.9508494168 865
0.9508494168 866
0.9508494168 867
0.9508494168 868
0.9508494168 869
0.9508494168 870
0.9508494168 871
0.9508494168 872
0.9508494168 873
0.9508494168 874
0.9508494168 875
0.9508494168 876
0.9508494168 877
0.9508494168 878
0.9508494168 879
0.9508494168 880
0.9508494168 881
0.9508494168 882
0.9508494168 883
0.9508494168 884
0.9508494168 885
0.9508494168 886
0.9508494168 887
0.9508494168 888
0.9508494168 889
0.9508494168 890
0.9508494168 891
0.9508494168 892
0.9508494168 893
0.9508494168 894
0.9508494168 895
0.9508494168 896
0.9508494168 897
0.9508494168 898
0.9508494168 899
0.9508494168 900
0.9508494168 901
0.9508494168 902
0.9508494168 903
0.9508494168 904
0.9508494168 905
0.9508494168 906
0.9508494168 907
0.9508494168 908
0.950849748 909
0.950849748 910
0.950849748 911
0.950849748 912
0.950849748 913
0.950849748 914
0.950849748 915
0.950849748 916
0.950849748 917
0.9508555019 918
0.9508555019 919
0.9508555019 920
0.9508555019 921
0.9508555019 922
0.9508555019 923
0.9508555019 924
0.9508555019 925
0.9508555019 926
0.9508555019 927
0.9508555019 928
0.9508555019 929
0.9508555019 930
0.9508555019 931
0.9508555019 932
0.9508555019 933
0.9508555019 934
0.9508555019 935
0.9508564762 936
0.9508564762 937
0.9508564762 938
0.9508564762 939
0.9508564762 940
0.9508564762 941
0.9508564762 942
0.9508564762 943
0.9508564762 944
0.9508564762 945
0.9508564762 946
0.9508564762 947
0.9508623252 948
0.9508798517 949
0.9508798517 950
0.9508798517 951
0.9508798517 952
0.9508798517 953
0.9508798517 954
0.9508798517 955
0.9508805166 956
0.9508805166 957
0.9508850725 958
0.9508861664 959
0.9508861664 960
0.9508861664 961
0.9508861664 962
0.9508861664 963
0.9508861664 964
0.9508861664 965
0.9508861664 966
0.9508861664 967
0.9508861664 968
0.9508862876 969
0.9508862876 970
0.9508862876 971
0.9508862876 972
0.9508862876 973
0.9508862876 974
0.9508862876 975
0.9508862876 976
0.9508862876 977
0.9508862876 978
0.9508862876 979
0.9508862876 980
0.9508862876 981
0.9508862876 982
0.9508862876 983
0.9508862876 984
0.9508862876 985
0.9508862876 986
0.9508862876 987
0.9508862876 988
0.9508862876 989
0.9508862876 990
0.9508862876 991
0.9508862876 992
0.9508862876 993
0.9508862876 994
0.9508862876 995
0.9508945512 996
0.9508945512 997
0.9508968205 998
0.9509013806 999
0.9509013806 1000
0.03247218659 0.03247125566 0.03247164546 0.03247135005 0.03247112789 0.03247024049 0.03247189757 0.03247144543 
0.0852260501 1
0.0852260501 2
0.0852260501 3
0.09030235451 4
0.096007624 5
0.1022451448 6
0.1034855663 7
0.1084562425 8
0.1088328225 9
0.1118129835 10
0.1118129835 11
0.1118129835 12
0.1118129835 13
0.1118129835 14
0.119999709 15
0.119999709 16
0.119999709 17
0.1232342539 18
0.1341297191 19
0.1341297191 20
0.1341297191 21
0.1341297191 22
0.1341297191 23
0.1341297191 24
0.1341297191 25
0.1341297191 26
0.1341297191 27
0.1341297191 28
0.1341297191 29
0.1341297191 30
0.1341297191 31
0.1341297191 32
0.1341297191 33
0.1341297191 34
0.1341297191 35
0.1341297191 36
0.1341297191 37
0.1341297191 38
0.1341297191 39
0.1341297191 40
0.1341297191 41
0.1341297191 42
0.1341297191 43
0.1341297191 44
0.1341297191 45
0.1341297191 46
0.1341297191 47
0.1341297191 48
0.1341297191 49
0.1341297191 50
0.1341297191 51
0.1341297191 52
0.1341297191 53
0.1341297191 54
0.1341297191 55
0.1341297191 56
0.1341297191 57
0.1341297191 58
0.1341297191 59
0.1341297191 60
0.1341297191 61
0.1341297191 62
0.1341297191 63
0.1341297191 64
0.1341297191 65
0.1341297191 66
0.1341297191 67
0.1341297191 68
0.1341297191 69
0.1341297191 70
0.1341297191 71
0.1341297191 72
0.1341297191 73
0.1341297191 74
0.1341297191 75
0.1341297191 76
0.1341297191 77
0.1341297191 78
0.1341297191 79
0.1341297191 80
0.1341297191 81
0.1341297191 82
0.1341297191 83
0.1341297191 84
0.1341297191 85
0.1341297191 86
0.1341297191 87
0.1341297191 88
0.1341297191 89
0.1341297191 90
0.1341297191 91
0.1341297191 92
0.1433195704 93
0.1433195704 94
0.1433195704 95
0.1433195704 96
0.1433195704 97
0.1433195704 98
0.1433195704 99
0.1433195704 100
0.1433195704 101
0.1433195704 102
0.1433195704 103
0.1433195704 104
0.1433195704 105
0.1433195704 106
0.1433195704 107
0.1433195704 108
0.1433195704 109
0.1433195704 110
0.1433195704 111
0.1433195704 112
0.1433195704 113
0.1433195704 114
0.1433195704 115
0.1433195704 116
0.1433195704 117
0.1433195704 118
0.1433195704 119
0.1433195704 120
0.1433195704 121
0.1433195704 122
0.1433195704 123
0.1433195704 124
0.1433195704 125
0.1433195704 126
0.1433195704 127
0.1433195704 128
0.1433195704 129
0.1433195704 130
0.1433195704 131
0.1433195704 132
0.1433195704 133
0.1433195704 134
0.1433195704 135
0.1433195704 136
0.1433195704 137
0.1433195704 138
0.1433195704 139
0.1433195704 140
0.1433195704 141
0.1433195704 142
0.1433195704 143
0.1433195704 144
0.1433195704 145
0.1433195704 146
0.1433195704 147
0.1433195704 148
0.1433195704 149
0.1433195704 150
0.1433195704 151
0.1433195704 152
0.1433195704 153
0.1433195704 154
0.1433195704 155
0.1433195704 156
0.1433195704 157
0.1433195704 158
0.1433195704 159
0.1433195704 160
0.1433195704 161
0.1433195704 162
0.1433195704 163
0.1433195704 164
0.1433195704 165
0.1433195704 166
0.1433195704 167
0.1433195704 168
0.1433195704 169
0.1433195704 170
0.1433195704 171
0.1433195704 172
0.1433195704 173
0.1433195704 174
0.1433195704 175
0.1496841736 176
0.1496841736 177
0.1496841736 178
0.1496841736 179
0.1496841736 180
0.1496841736 181
0.1496841736 182
0.1496841736 183
0.1496841736 184
0.1496841736 185
0.1496841736 186
0.1496841736 187
0.1496841736 188
0.1496841736 189
0.1496841736 190
0.1496841736 191
0.1496841736 192
0.1496841736 193
0.1496841736 194
0.1496841736 195
0.1496841736 196
0.1496841736 197
0.1496841736 198
0.1496841736 199
0.1496841736 200
0.1496841736 201
0.1496841736 202
0.1496841736 203
0.1496841736 204
0.1496841736 205
0.1496841736 206
0.1496841736 207
0.1496841736 208
0.1496841736 209
0.1496841736 210
0.1496841736 211
0.1496841736 212
0.1496841736 213
0.1496841736 214
0.1496841736 215
0.1496841736 216
0.1496841736 217
0.1496841736 218
0.1496841736 219
0.1496841736 220
0.1496841736 221
0.1496841736 222
0.1496841736 223
0.1496841736 224
0.1496841736 225
0.1496841736 226
0.1496841736 227
0.1496841736 228
0.1496841736 229
0.1496841736 230
0.1496841736 231
0.1496841736 232
0.1496841736 233
0.1496841736 234
0.1496841736 235
0.1496841736 236
0.1496841736 237
0.1496841736 238
0.1496841736 239
0.1496841736 240
0.1496841736 241
0.1496841736 242
0.1496841736 243
0.1496841736 244
0.1496841736 245
0.1496841736 246
0.1496841736 247
0.1496841736 248
0.1496841736 249
0.1496841736 250
0.1496841736 251
0.1496841736 252
0.1496841736 253
0.1496841736 254
0.1496841736 255
0.1496841736 256
0.1496841736 257
0.1496841736 258
0.1496841736 259
0.1496841736 260
0.1496841736 261
0.1496841736 262
0.1496841736 263
0.1496841736 264
0.1496841736 265
0.1496841736 266
0.1496841736 267
0.1496841736 268
0.1496841736 269
0.1496841736 270
0.1496841736 271
0.1496841736 272
0.1496841736 273
0.1496841736 274
0.1496841736 275
0.1496841736 276
0.1496841736 277
0.1496841736 278
0.1496841736 279
0.1496841736 280
0.1496841736 281
0.1496841736 282
0.1496841736 283
0.1496841736 284
0.1496841736 285
0.1496841736 286
0.1496841736 287
0.1496841736 288
0.1496841736 289
0.1496841736 290
0.1496841736 291
0.1496841736 292
0.1496841736 293
0.1496841736 294
0.1496841736 295
0.1496841736 296
0.1496841736 297
0.1496841736 298
0.1496841736 299
0.1496841736 300
0.1496841736 301
0.1496841736 302
0.1496841736 303
0.1496841736 304
0.1496841736 305
0.1496841736 306
0.1496841736 307
0.1496841736 308
0.1496841736 309
0.1496841736 310
0.1496841736 311
0.1496841736 312
0.1496841736 313
0.1496841736 314
0.1496841736 315
0.1496841736 316
0.1496841736 317
0.1496841736 318
0.1496841736 319
0.1496841736 320
0.1496841736 321
0.1496841736 322
0.1496841736 323
0.1496841736 324
0.1496841736 325
0.1496841736 326
0.1496841736 327
0.1496841736 328
0.1496841736 329
0.1496841736 330
0.1496841736 331
0.1496841736 332
0.1496841736 333
0.1496841736 334
0.1496841736 335
0.1496841736 336
0.1496841736 337
0.1496841736 338
0.1496841736 339
0.1496841736 340
0.1496841736 341
0.1496841736 342
0.1496841736 343
0.1496841736 344
0.1496841736 345
0.1496841736 346
0.1496841736 347
0.1496841736 348
0.1496841736 349
0.1496841736 350
0.1496841736 351
0.1496841736 352
0.1496841736 353
0.1496841736 354
0.1496841736 355
0.1496841736 356
0.1496841736 357
0.1496841736 358
0.1496841736 359
0.1496841736 360
0.1496841736 361
0.1496841736 362
0.1496841736 363
0.1496841736 364
0.1496841736 365
0.1496841736 366
0.1496841736 367
0.1496841736 368
0.1496841736 369
0.1496841736 370
0.1496841736 371
0.1496841736 372
0.1496841736 373
0.1496841736 374
0.1496841736 375
0.1496841736 376
0.1496841736 377
0.1496841736 378
0.1496841736 379
0.1496841736 380
0.1496841736 381
0.1496841736 382
0.1496841736 383
0.1496841736 384
0.1496841736 385
0.1496841736 386
0.1496841736 387
0.1496841736 388
0.1496841736 389
0.1496841736 390
0.1496841736 391
0.1496841736 392
0.1496841736 393
0.1496841736 394
0.1496841736 395
0.1496841736 396
0.1496841736 397
0.1496841736 398
0.1496841736 399
0.1496841736 400
0.1496841736 401
0.1496841736 402
0.1496841736 403
0.1496841736 404
0.1496841736 405
0.1496841736 406
0.1496841736 407
0.1496841736 408
0.1496841736 409
0.1496841736 410
0.1496841736 411
0.1496841736 412
0.1496841736 413
0.1496841736 414
0.1496841736 415
0.1496841736 416
0.1496841736 417
0.1496841736 418
0.1496841736 419
0.1496841736 420
0.1496841736 421
0.1496841736 422
0.1496841736 423
0.1496841736 424
0.1496841736 425
0.1496841736 426
0.1496841736 427
0.1496841736 428
0.1496841736 429
0.1496841736 430
0.1496841736 431
0.1496841736 432
0.1496841736 433
0.1496841736 434
0.1496841736 435
0.1496841736 436
0.1496841736 437
0.1496841736 438
0.1496841736 439
0.1496841736 440
0.1496841736 441
0.1496841736 442
0.1496841736 443
0.1496841736 444
0.1496841736 445
0.1496841736 446
0.1496841736 447
0.1496841736 448
0.1496841736 449
0.1496841736 450
0.1496841736 451
0.1496841736 452
0.1496841736 453
0.1496841736 454
0.1496841736 455
0.1496841736 456
0.1496841736 457
0.1496841736 458
0.1496841736 459
0.1496841736 460
0.1496841736 461
0.1496841736 462
0.1496841736 463
0.1496841736 464
0.1496841736 465
0.1496841736 466
0.1496841736 467
0.1496841736 468
0.1496841736 469
0.1496841736 470
0.1496841736 471
0.1496841736 472
0.1496841736 473
0.1496841736 474
0.1496841736 475
0.1496841736 476
0.1496841736 477
0.1496841736 478
0.1496841736 479
0.1496841736 480
0.1496841736 481
0.1496841736 482
0.1496841736 483
0.1496841736 484
0.1496841736 485
0.1496841736 486
0.1496841736 487
0.1496841736 488
0.1496841736 489
0.1496841736 490
0.1496841736 491
0.1496841736 492
0.1496841736 493
0.1496841736 494
0.1496841736 495
0.1496841736 496
0.1496841736 497
0.1496841736 498
0.1496841736 499
0.1496841736 500
