0.349925 2
0.349925 3
0.349925 4
0.349925 5
0.349925 6
0.349925 7
0.349925 8
0.79426 9
0.79426 10
0.79426 11
0.79426 12
0.79426 13
0.79426 14
0.79426 15
0.79426 16
0.79426 17
0.79426 18
0.79426 19
0.805106 20
0.805106 21
0.805106 22
0.805106 23
0.805106 24
0.805106 25
0.805106 26
0.805106 27
0.805106 28
0.805106 29
0.805106 30
0.805106 31
0.805106 32
0.805106 33
0.805106 34
0.805106 35
0.805106 36
0.805106 37
0.805106 38
0.805106 39
0.805106 40
0.805106 41
0.805106 42
0.805106 43
0.805106 44
0.805106 45
0.805106 46
0.805106 47
0.805106 48
0.805106 49
0.805106 50
0.805106 51
0.805106 52
0.805106 53
0.805106 54
0.805106 55
0.805106 56
0.805106 57
0.805106 58
0.805106 59
1.35638 60
1.35638 61
1.35638 62
1.35638 63
1.35638 64
1.35638 65
1.35638 66
1.35638 67
1.35638 68
1.35638 69
1.35638 70
1.35638 71
1.35638 72
1.35638 73
1.35638 74
1.35638 75
1.35638 76
1.35638 77
1.35638 78
1.35638 79
1.35638 80
1.35638 81
1.35638 82
1.35638 83
1.35638 84
1.35638 85
1.35638 86
1.35638 87
1.35638 88
1.42027 89
1.42027 90
1.42027 91
1.42027 92
1.42027 93
1.42027 94
1.42027 95
1.42027 96
1.42027 97
1.42027 98
1.428 99
1.4816 100
1.50826 101
1.52148 102
1.52817 103
1.53166 104
1.53355 105
1.53461 106
1.53523 107
1.53561 108
1.53583 109
1.53597 110
1.53606 111
1.53612 112
1.53615 113
1.53617 114
1.53619 115
1.53619 116
1.5362 117
1.5362 118
1.5362 119
1.53621 120
1.53621 121
1.53621 122
1.53621 123
1.53621 124
1.53621 125
1.53621 126
1.53621 127
1.53621 128
1.53621 129
1.53621 130
1.53621 131
1.53621 132
1.53621 133
1.53621 134
1.53621 135
1.53621 136
1.53621 137
1.53621 138
1.53621 139
1.53621 140
1.53621 141
1.53621 142
1.53621 143
1.53621 144
1.53621 145
1.53621 146
1.53621 147
1.53621 148
1.53621 149
1.53621 150
1.53621 151
1.53621 152
1.53621 153
1.53621 154
1.53621 155
1.53621 156
1.53621 157
1.53621 158
1.53621 159
1.53621 160
1.53621 161
1.53621 162
1.53621 163
1.53621 164
1.53621 165
1.53621 166
1.53621 167
1.53621 168
1.53621 169
1.53621 170
1.53621 171
1.53621 172
1.53621 173
1.53621 174
1.53621 175
1.53621 176
1.53621 177
1.53621 178
1.53621 179
1.53621 180
1.53621 181
1.53621 182
1.53621 183
1.53621 184
1.53621 185
1.53621 186
1.53621 187
1.82753 188
1.82753 189
1.82753 190
1.82753 191
1.82753 192
1.82753 193
1.82753 194
1.82753 195
1.82753 196
1.82753 197
1.82753 198
2.33549 199
2.33549 200
2.33549 201
2.33549 202
2.33549 203
2.33549 204
2.33549 205
2.33636 206
2.34675 207
2.35062 208
2.35212 209
2.35272 210
2.35295 211
2.35304 212
2.35308 213
2.35309 214
2.58595 215
2.58595 216
2.58595 217
2.58595 218
2.58595 219
2.58595 220
2.58595 221
2.58595 222
2.58595 223
2.58595 224
3.04121 225
3.12279 226
3.12279 227
3.12279 228
3.12931 229
3.13507 230
3.13695 231
3.13759 232
3.13781 233
3.13788 234
3.13791 235
3.13791 236
3.13792 237
3.13792 238
3.13792 239
3.13792 240
3.13792 241
3.13792 242
3.13792 243
3.13792 244
3.13792 245
3.13792 246
3.13792 247
3.13792 248
3.13792 249
3.13792 250
3.13792 251
3.13792 252
3.13792 253
3.13792 254
3.13792 255
3.13792 256
3.13792 257
3.13792 258
3.13792 259
3.13792 260
3.13792 261
3.13792 262
3.13792 263
3.13792 264
3.13792 265
3.13792 266
3.13792 267
3.13792 268
3.13792 269
3.13792 270
3.13792 271
3.13792 272
3.13792 273
3.13792 274
3.13792 275
3.13792 276
3.13792 277
3.13792 278
3.13792 279
3.13792 280
3.13792 281
3.13792 282
3.13792 283
3.13792 284
3.13792 285
3.13792 286
3.13792 287
3.13792 288
3.13792 289
3.13792 290
3.13792 291
3.13792 292
3.13792 293
3.13792 294
3.13792 295
3.13792 296
3.13792 297
3.13792 298
3.13792 299
3.13792 300
3.13792 301
