0.204944 1
0.244829 2
0.607985 3
0.607985 4
0.607985 5
0.607985 6
0.607985 7
0.607985 8
0.607985 9
0.607985 10
0.607985 11
0.607985 12
0.607985 13
0.607985 14
0.607985 15
0.607985 16
0.607985 17
0.607985 18
0.607985 19
0.607985 20
0.607985 21
0.607985 22
0.607985 23
0.607985 24
0.607985 25
0.607985 26
0.607985 27
0.607985 28
0.607985 29
0.607985 30
0.607985 31
0.607985 32
0.607985 33
0.607985 34
0.607985 35
0.856005 36
1.88346 37
1.88346 38
1.88346 39
1.88346 40
1.88346 41
1.88346 42
1.88346 43
1.88346 44
1.88346 45
1.88346 46
1.88346 47
1.88346 48
1.88346 49
1.88346 50
1.88346 51
1.88346 52
2.18746 53
2.18746 54
2.18746 55
2.18746 56
2.18746 57
2.18746 58
2.18746 59
2.18746 60
2.18746 61
2.18746 62
2.18746 63
2.18746 64
2.18746 65
2.18746 66
2.18746 67
2.18746 68
2.18746 69
2.18746 70
2.18746 71
2.18746 72
2.18746 73
2.18746 74
2.18746 75
2.18746 76
2.18746 77
2.18746 78
2.18746 79
2.18746 80
2.18746 81
2.18746 82
2.18746 83
2.18746 84
2.18746 85
2.18746 86
2.18746 87
2.18746 88
2.18746 89
2.18746 90
2.18746 91
2.18746 92
2.18746 93
2.18746 94
2.18746 95
2.18746 96
2.18746 97
2.18746 98
2.18746 99
2.18746 100
2.18746 101
2.18746 102
2.18746 103
2.18746 104
2.18746 105
2.18746 106
2.18746 107
2.18746 108
2.18746 109
2.18746 110
2.18746 111
2.18746 112
2.18746 113
2.18746 114
2.18746 115
2.18746 116
2.18746 117
2.18746 118
2.18746 119
2.18746 120
2.18746 121
2.18746 122
2.18746 123
2.18746 124
2.18746 125
2.18746 126
2.18746 127
2.18746 128
2.18746 129
2.18746 130
2.18746 131
2.18746 132
2.18746 133
2.18746 134
2.18746 135
2.18746 136
2.18746 137
2.18746 138
2.18746 139
2.18746 140
2.18746 141
2.18746 142
2.18746 143
2.18746 144
2.18746 145
2.18746 146
2.18746 147
2.18746 148
2.18746 149
2.18746 150
2.18746 151
2.18746 152
2.18746 153
2.18746 154
2.18746 155
2.18746 156
2.18746 157
2.18746 158
2.18746 159
2.18746 160
2.18746 161
2.18746 162
2.18746 163
2.18746 164
2.18746 165
2.18746 166
2.18746 167
2.18746 168
2.18746 169
2.18746 170
2.18746 171
2.18746 172
2.18746 173
2.18746 174
2.18746 175
2.18746 176
2.18746 177
2.18746 178
2.18746 179
2.18746 180
2.18746 181
2.18746 182
2.18746 183
2.18746 184
2.18746 185
2.18746 186
2.18746 187
2.18746 188
2.18746 189
2.18746 190
2.18746 191
2.18746 192
2.18746 193
2.18746 194
2.18746 195
2.18746 196
2.18746 197
2.18746 198
2.18746 199
2.18746 200
2.18746 201
2.18746 202
2.18746 203
2.18746 204
2.18746 205
2.18746 206
2.18746 207
2.18746 208
2.18746 209
2.18746 210
2.18746 211
2.18746 212
2.18746 213
2.18746 214
2.18746 215
2.18746 216
2.18746 217
2.18746 218
2.18746 219
2.18746 220
2.18746 221
2.18746 222
2.18746 223
2.18746 224
2.18746 225
2.18746 226
2.18746 227
2.18746 228
2.18746 229
2.18746 230
2.18746 231
2.18746 232
2.18746 233
2.18746 234
2.18746 235
2.18746 236
2.18746 237
2.18746 238
2.18746 239
2.18746 240
2.18746 241
2.18746 242
2.18746 243
2.18746 244
2.18746 245
2.18746 246
2.18746 247
2.18746 248
2.18746 249
2.18746 250
2.18746 251
2.18746 252
2.18746 253
2.18746 254
2.18746 255
2.18746 256
2.18746 257
2.18746 258
2.18746 259
2.18746 260
2.18746 261
2.18746 262
2.18746 263
2.18746 264
2.18746 265
2.18746 266
2.18746 267
2.18746 268
2.18746 269
2.18746 270
2.18746 271
2.18746 272
2.18746 273
2.18746 274
2.18746 275
2.18746 276
2.18746 277
2.18746 278
2.18746 279
2.18746 280
2.18746 281
2.18746 282
2.18746 283
2.18746 284
2.18746 285
2.18746 286
2.18746 287
2.18746 288
2.18746 289
2.18746 290
2.18746 291
2.18746 292
2.18746 293
2.18746 294
2.18746 295
2.18746 296
2.18746 297
2.18746 298
2.18746 299
2.18746 300
