3227 1021256
1477 6959148
11762 1528758
3017 5911076
13725 1065461
1561 8930047
11017 6598680
16479 4906374
945 6779885
10583 631055
17253 6369516
18611 1785489
12135 1548725
19028 6673241
1111 783618
13438 2244696
11784 2337303
3952 8566902
2010 1524752
3611 3132107
5184 2324750
13282 1045709
5019 2393435
756 8693404
15413 9110781
5532 4253000
9726 5199635
17164 6558635
9132 8088662
17039 6652623
2374 2997645
3255 3835608
6052 5097266
914 9679398
3342 8757987
1194 4272541
12554 596898
5796 5096017
6020 3914577
1674 7883083
10983 5938180
12878 552345
15543 7141426
16929 5426208
11845 3978167
16215 660134
14294 767785
15870 1889478
13285 7779131
16327 3898039
18559 3040010
4740 3930851
6074 7310155
11236 5471866
1191 3345469
19459 6616074
389 5972561
18209 9921905
18895 96677
18154 1987160
5954 7985891
6138 4879254
1815 8148699
19392 5481649
15033 2127027
12121 5881676
10326 3159981
4102 6405437
11740 7203729
17658 5886492
11048 4176227
16484 4222304
19845 9187523
9778 9695820
19679 353200
16014 8411837
13508 7900051
17563 7838629
14236 4558483
9129 3997313
18432 464543
6370 4374196
13277 1036353
16261 2490908
9165 2844356
5940 5154176
5328 9852256
17247 7606937
16541 5747515
7897 6898271
120 6264645
3294 8802343
2302 2529402
19981 5907655
3896 2904275
8949 6348182
14618 5476211
10946 1670966
5521 3125050
1025 9230167
17469 5273449
16532 6213903
17261 2908872
11 2013875
7181 6146228
10970 4133002
7122 2322873
15792 9309865
6619 115276
1850 8453752
7109 2987693
15031 2549631
18806 5619446
17250 1193538
15639 9039801
6019 591945
12336 7339416
10548 6222356
3999 6444361
16514 1589105
1245 2827499
12386 1297535
9672 3284483
15631 5504475
755 7069975
6736 2939951
3420 3849204
567 330725
14067 2117023
3925 3899810
8093 8834732
5411 6230361
5813 6617524
6206 6745864
1503 1795943
1148 693112
1997 6717048
14612 2313677
5023 5710877
12000 4478197
17029 8544756
8995 8993863
7712 206864
8358 3806241
1998 8824368
18076 5157742
3560 9307417
8858 3147864
3525 4309789
19360 9461405
6294 427236
15361 5946365
2352 2423660
19203 5166162
11506 2282737
18700 8139533
2840 5608671
5004 8309406
15745 7917737
8601 1454996
18053 3589535
14608 9399555
2506 7237130
2840 7465731
5617 2353531
14049 4848246
10375 5523273
3826 1820293
12293 7617732
11856 4883850
14089 1821393
18066 8101811
11124 4394244
13465 9937704
18116 2802232
11647 2034945
14481 1523393
2543 1265825
7442 8005922
5546 7606184
7378 7987228
6133 6097259
3809 4556639
10934 7047961
1064 8006040
252783 2086615
279773 3432678
269981 4767883
279872 4098383
273896 4988595
250405 3043440
252614 6451537
272287 5230458
271541 7868311
250487 6255151
256360 8014721
272261 4089403
265534 9516906
266630 9043216
279285 3460343
274648 5976390
258808 5645409
258069 2000
254273 2735219
262712 6883649
264392 1586433
256694 8403628
262299 3877093
255312 6587526
251246 1722512
263801 686179
268897 3793680
255324 8405206
257692 2530589
263744 1424517
253930 4033877
266868 3811491
252189 865470
261542 8017515
265699 6923154
252527 3543066
274211 841953
254468 4647145
269555 8739928
257678 4800066
265372 2282243
274810 5994317
279899 4422166
278048 6062405
256566 5495848
259785 4854400
254529 81510
260159 5603477
260657 5468684
258172 3380911
279845 4168683
254068 6149647
258946 3689085
263878 2504161
267985 8135117
273016 5372527
250095 7235492
272546 6467927
273576 1389108
269010 7115488
259816 369251
264041 8308096
273119 2409408
266621 6074674
277854 9293988
252256 5006949
263569 7402498
273301 7458578
270593 3117556
273035 4193889
264607 671230
278973 9782106
254078 6372897
260058 8944289
277779 2773361
277674 8588110
256712 2543666
272887 2638160
251992 4199035
267612 65721
263476 8611468
278619 6852034
266038 5058904
251599 9273817
264870 8211236
269254 4728734
264907 1078515
250713 7055705
270691 8957692
268212 6548378
256160 8192356
252271 8011808
251993 9612537
278541 9061742
277652 214681
262261 951206
273251 3403849
271033 2649274
251218 9001151
278528 1581823
277998 8096123
253045 1459784
274599 7382586
255405 6804284
253739 1805808
266983 7540866
252472 1713007
267113 6080906
265470 3783561
260742 7259923
259066 8203113
262380 6801122
278930 1660537
257824 4415510
265949 9974069
276479 1482427
470838 2913012
463896 8979751
476101 1824515
467615 6364274
461459 9141023
481150 3055982
483595 9397480
465368 6277234
464198 5116186
472477 4808910
467192 1031192
476893 8504650
489904 3986184
485394 5275246
468120 6430496
467918 9885926
483330 9809220
487506 2805199
486147 5488701
481229 2536023
461789 6712079
487868 4358279
464754 4932002
469976 9939511
481805 7349794
461318 2526420
463566 9464042
466978 6786964
468478 3849148
466605 7102634
470974 1667038
468411 9629703
466841 4731191
470009 1219079
471516 3425704
471453 5008490
478708 4895771
461455 552511
460351 4820605
488977 8276954
471981 7884957
467826 3494914
481799 1494066
468131 5243096
469336 6142745
467345 6711633
462418 1301872
488015 8052492
483970 3045600
484925 9459487
468237 9108520
487815 6503304
473314 3356882
470105 9843469
480069 4692203
465743 8350402
476153 6622544
474778 9059158
471980 6776988
461062 6716695
480873 591926
462800 4628693
464607 8873723
464662 9225543
474976 1910597
463254 6227425
464346 1671676
486071 1272716
466174 3359791
462974 8708925
474689 5604736
465020 9952788
460860 6547729
469774 1837699
475779 3387713
470828 8818127
485006 2550673
487326 5150991
464312 1842355
479223 4864470
481167 4018127
469443 2724529
468950 8562813
470914 398151
482342 9303516
473048 9331905
489400 8948793
464950 6265529
465824 2536421
465837 285672
477027 4574318
467931 5978897
469156 5542351
472597 1022828
478604 6713009
470753 296829
476006 6200379
481419 7410371
482798 5491539
463293 4147526
476552 4690540
462793 8088026
489653 5357115
467382 1694774
489298 5433106
463095 5047723
489078 8997656
463349 5948351
478084 1899204
489893 4139730
472674 7703864
479365 7032721
467014 7026638
487920 7982188
461086 2380864
476739 9586122
480164 8972009
467488 8184744
478074 9778327
482558 8427871
463567 993557
480048 1564776
462270 6823734
487374 120445
463236 3570203
488273 7481576
464409 8153909
480793 1528686
489210 7341516
466642 3540544
463335 76440
481181 8223369
479114 6307702
461155 9781766
483332 7184295
479094 4888219
469976 9100170
468842 6853862
467002 4500618
481093 1663052
474302 3543842
547086 5175122
546459 6028972
540718 8576555
552693 4094857
554642 6994603
548886 6224645
541829 8248142
542863 2172809
551358 1759022
543425 8617935
549182 8968269
557744 7002299
556223 7386456
551801 8491546
546595 68958
559862 638698
555787 7282936
541962 7170614
548742 5332779
542825 8267
540437 8754919
546823 6858447
547921 1695280
544206 6461274
547930 8007778
550769 2445127
549208 4512197
549787 6572302
559742 6731381
555908 517925
551080 1749303
542081 7374596
553031 2750874
546731 571692
548982 2449533
544195 9044378
543311 7306784
546729 5373013
547199 9274872
543391 7935635
544171 7936097
541939 4934981
547003 8843347
559566 5880878
558473 4262009
550271 5255338
540628 6766588
544163 9908548
552293 2569760
545434 6364662
559128 74637
554484 6874691
545361 3499027
555464 8943576
551597 5588755
552671 4269912
553155 9763754
544467 8304185
550327 3226951
545416 145720
559477 5397031
547594 4725029
541216 1775985
540549 7522773
551107 2759456
555779 5858679
555261 1392440
544533 5365612
543641 2274244
544400 3049921
548111 4696350
554167 1228217
542089 1667414
553521 5339531
554780 4051363
552967 3262506
544675 6012209
544997 6498553
556228 2246969
542576 104427
546076 8328213
558407 7645139
553751 3960248
542718 2873172
549996 8676603
690594 201268
683510 6772713
690449 4301462
684161 4751026
687519 8854585
682400 3061800
690933 4641063
673541 1392544
676116 7592992
686295 1018860
698174 3513009
670915 9023492
678399 8248060
687895 7532341
672669 9460964
687860 5568700
688514 9643137
687422 1551890
671906 9299077
689856 8365250
692554 8743079
679401 1058050
685465 63270
687991 8094108
696469 1022042
670767 350090
691074 7240658
681125 5110021
688388 6349504
675998 2623147
698100 8016121
681623 4366383
673656 3857729
687712 9982237
692971 9980572
670171 5593099
676099 1372589
677668 5457767
693185 9417090
678250 9487613
675733 9076839
686958 8510044
678318 8117857
689058 7654439
673970 8078371
670572 9125458
694543 2963490
672208 4689569
673139 193617
699391 8479214
695203 4750484
690856 8446002
691058 8274667
689765 9909220
674038 7417653
670160 7637878
672364 5924865
689000 5212396
692496 5980040
677919 780730
685823 5794357
682452 9771454
676163 9370040
672539 9775089
674978 1762223
693034 5866504