14498 49710
17632 1552037
6514 6356070
14786 6339270
2456 1877391
2440 2224189
9143 7773364
18892 1336365
10099 5275508
14846 4341292
16247 914692
2984 8212749
7293 3901718
9455 2220336
727 5176808
18458 6348241
2266 3531633
19886 8817550
4155 3577016
472 9679301
11688 1451427
11030 151837
5744 519088
9264 7613923
964 8484490
9156 7060382
15142 4169386
2163 754478
13212 9875747
18455 8594347
6680 7346096
13866 884799
4910 5434883
12233 709210
1533 4188327
12879 5473541
3315 8213068
19870 93506
11321 5747809
8149 832059
1986 8661273
5797 1084880
19331 6315142
7233 3903313
12020 2173848
4288 1757783
12625 6358220
7474 3173026
8052 3284368
720 5059178
3496 8974735
9468 5808061
897 568544
796 8622649
1712 6770321
3349 4346163
11681 1715795
17434 2233643
9442 7071588
12289 5218912
14427 6884979
11872 2062948
1354 4283777
17073 9157795
6047 4406745
944 1990918
6077 8771073
11017 5742877
6907 8408823
10831 6638116
271270 3203470
250211 2197679
264550 9718756
255120 8389645
267860 4719959
261129 4554920
262336 5904397
258740 2560159
279606 7281
268931 6566508
278717 558451
253013 4153137
259049 5616492
254598 1529763
258646 4260414
257495 8606667
263355 1197343
254337 8400308
279054 354443
279864 4670288
262352 1815782
255940 2721186
253801 7643141
253714 9025389
262444 7899000
275725 362934
253150 4792849
266766 4942013
272309 2925307
279541 4637559
276198 2282523
260428 3016410
278224 9867830
260528 4751923
279777 8513705
461296 9227083
462521 9250128
475192 7398225
481873 1929812
464149 2750204
470324 1891228
485635 3901440
460487 2365732
460361 6878726
464826 122231
473158 9370863
488800 1477401
481986 4636109
463823 4087098
478360 9586786
484939 1030524
463241 2400661
481983 5036879
485485 7395350
475511 9639830
474728 2891086
462530 1885317
476811 2139894
482892 4070446
467950 6828680
465051 3967435
465793 2348756
481097 4408433
478063 5441357
471505 4655969
488556 1906832
465525 3449534
467979 7198771
487007 218752
476836 7239481
487765 3500298
484087 9538041
476394 2450443
471962 6181435
482381 2335527
476128 2059791
477103 4001713
480984 5427654
461596 8880088
471510 7231238
468093 9371937
462877 5741791
470442 4620473
464506 2722624
470598 6327657
470482 5570217
476213 290499
474310 2604432
471450 2203365
461685 3022176
477037 280821
470721 4356807
556802 654119
544657 2826166
549085 6832433
557978 84801
552834 8732264
552686 3365623
543401 8739274
554627 5324168
556042 66118
546074 1457779
553048 4999049
551870 6335957
545185 8754947
559608 8590046
547923 2150469
546267 855163
551228 2768545
541089 346880
550133 6887329
540272 4780465
545795 6075078
542064 8963465
544798 9694738
551125 7236830
547964 3579812
554940 3682585
558059 768704
557754 9759172
545720 9350716
551681 9643011
557928 2851693
549384 773059
559797 223227
546710 2907267
547832 1841988
553162 6903736
557514 883752
549066 3321119
552540 4341719
556790 3899363
551162 7593235
541690 4021406
545951 3849512
546630 3699300
540344 3411839
541662 6969804
553966 8010700
549512 1535412
544874 8116636
540891 3858614
558087 2873448
553239 9894712
556023 7499180
553938 3975246
553359 2433625
554432 1034150
549550 8893680
547591 7693427
546255 2426651
550397 6573686
543747 2860190
545566 123476
559473 124576
553905 8147020
552383 4766924
545977 8942563
545210 3499083
548149 5069930
545986 4721168
552794 6210384
542316 2917698
540217 8147531
542223 1337181
542772 7738888